sam_id	ped_id	hz_tp	hz_bt	sand_tot	silt_tot	clay_tot	db_13b		w3cld	w15ad
sam_id	ped_id	hz_tp	hz_bt	sand_tot	silt_tot	clay_tot	db_13b		w3cld	w15ad
4001009	4000141	0	15	71.19999695	25.10000038	3.700000048	1.450000048	0.970000029	0.136299998	0.036250003
4001010	4000141	15	28	83.5	12.69999981	3.799999952	1.450000048	0.25	0.072500005	0.020300001
4001011	4000141	28	84	93.59999847	4.599999905	1.799999952	1.450000048	0.230000004	0.037700001	0.0145
4001155	4000157	0	8	43.79999924	42.40000153	13.80000019	1.399999976	2.819999933	0.229599997	0.095200002
4001156	4000157	8	13	28.10000038	35.09999847	36.79999924	1.440000057	0.970000029	0.313919991	0.195840016
4001157	4000157	13	18	33	31.29999924	35.70000076	1.399999976	0.920000017	0.305199981	0.207200006
4001158	4000157	18	23	48.59999847	25.39999962	26	1.440000057	0.540000021	0.279359996	0.155520007
4001159	4000157	23	43	51.59999847	26.60000038	21.79999924	1.480000019	0.310000002	0.247160017	0.124319993
4001160	4000157	43	71	35.79999924	35.59999847	28.60000038	1.620000005	0.310000002	0.298079997	0.176579997
4001161	4000157	71	100	35.40000153	35.29999924	29.29999924	1.590000033	0.310000002	0.340259999	0.182850003
4001164	4000157	155	195	23.89999962	38.5	37.59999847	1.480000019	0.349999994	0.383320004	0.223480016
4001165	4000158	0	25	0.800000012	84	15.19999981	1.379999995	0.50999999	0.350519985	0.091079995
4001167	4000158	36	56	0.100000001	70.30000305	28.70000076	1.470000029	0.379999995	0.329279989	0.182280004
4001168	4000158	56	99	1.100000024	70.5	28.39999962	1.519999981	0.159999996	0.325279981	0.18847999
4001169	4000158	99	140	3.099999905	69.09999847	27.79999924	1.5	0.050000001	0.350999981	0.20099999
4001170	4000158	140	190	4	71.09999847	24.89999962	1.409999967	0.100000001	0.360960007	0.183300003
4001171	4000158	190	305	1.899999976	75.69999695	21.29999924	1.480000019	-9.9	0.372960001	0.156880006
4001172	4000159	0	20	55.70000076	41.09999847	3.200000048	0.910000026	3.539999962	0.262989998	0.084630005
4001173	4000159	20	25	55.09999847	41.79999924	3.099999905	1.080000043	3.339999914	0.266760021	0.092880011
4001174	4000159	25	36	57.29999924	39.40000153	3.299999952	1.360000014	0.75999999	0.155039996	0.035359997
4001175	4000159	36	43	52.59999847	44.70000076	2.700000048	0.779999971	3.859999895	0.347879976	0.078780003
4001176	4000159	43	53	49.59999847	48.09999847	2.299999952	1.129999995	2.900000095	0.378549993	0.108480006
4001177	4000159	53	84	55.5	42.79999924	1.700000048	1.320000052	1.230000019	0.269280016	0.051480003
4001178	4000159	84	105	64.69999695	34	1.299999952	1.690000057	0.270000011	0.138579994	0.025350001
4001183	4000160	18	33	57.90000153	32.29999924	9.800000191	1.25999999	1.5	0.199080005	0.088199995
4001184	4000160	33	51	58.40000153	31.89999962	9.699999809	1.350000024	0.810000002	0.190350011	0.070199996
4001185	4000160	51	71	67.19999695	26.70000076	6.099999905	1.919999957	0.119999997	0.142079994	0.044159997
4001186	4000160	71	105	66.30000305	25.89999962	7.800000191	1.850000024	0.129999995	0.159100011	0.057349999
4001187	4000161	0	15	19.79999924	49.70000076	30.5	1.620000005	1.50999999	0.343440026	0.187920004
4001188	4000161	15	30	21	46.20000076	32.79999924	1.570000052	1.419999957	0.354820013	0.199390009
4001189	4000161	30	41	24.20000076	43.79999924	32	1.50999999	0.939999998	0.31408	0.194789991
4001190	4000161	41	64	20.89999962	45.90000153	33.20000076	1.559999943	0.699999988	0.335399985	0.212159991
4001191	4000161	64	89	20.89999962	45.40000153	33.70000076	1.549999952	0.589999974	0.336349994	0.221649989
4001192	4000161	89	115	56.20000076	19.20000076	24.60000038	1.679999948	0.289999992	0.252000004	0.152879998
4001193	4000161	115	155	57.29999924	19.5	23.20000076	1.659999967	0.239999995	0.252319992	0.152719989
4001196	4000162	0	5	23.60000038	60.40000153	16	1.450000048	5.480000019	0.500250041	0.142100006
4001197	4000162	5	18	19.70000076	62.09999847	18.20000076	1.450000048	1.129999995	0.404550016	0.094250001
4001198	4000162	18	33	12.39999962	64.40000153	23.20000076	1.450000048	0.330000013	0.372650027	0.123250008
4001199	4000162	33	58	10.30000019	69.5	20.20000076	1.450000048	0.140000001	0.33495003	0.121799998
4001218	4000166	0	15	5.300000191	17.60000038	77.09999847	1.450000048	4.300000191	0.606100023	0.462550014
4001219	4000166	15	33	6	17.20000076	76.80000305	1.450000048	1.75	0.58434999	0.487199992
4001220	4000166	33	51	3.099999905	13.89999962	83.90000153	1.450000048	0.699999988	0.633650005	0.517650008
4001221	4000166	51	86	1.899999976	14.89999962	83.19999695	1.450000048	0.5	0.61044997	0.495900035
4001222	4000166	86	115	5.699999809	23.89999962	70.40000153	1.450000048	0.25	0.508949995	0.435000002
4001223	4000166	115	150	11.60000038	35.70000076	52.70000076	1.450000048	0.159999996	0.4727	0.397300005
4001224	4000166	150	185	15	36.59999847	48.40000153	1.450000048	0.119999997	0.50605005	0.379900038
4001228	4000167	0	15	3.299999952	83.5	13.10000038	1.480000019	0.959999979	0.254560024	0.084359996
4001229	4000167	15	33	2.700000048	72.69999695	24.60000038	1.460000038	0.270000011	0.294920027	0.153300002
4001230	4000167	33	61	3.299999952	74.59999847	22.10000038	1.399999976	0.140000001	0.338800013	0.147
4001231	4000167	61	81	4.199999809	78.30000305	17.5	1.5	0.100000001	0.360000014	0.131999999
4001232	4000167	81	94	8.699999809	76.69999695	14.60000038	1.440000057	0.059999999	0.303840011	0.108000003
4001233	4000167	94	120	4.199999809	77.59999847	18.20000076	1.600000024	0.039999999	0.319999993	0.150399998
4001234	4000167	120	135	2.900000095	77.90000153	19.20000076	1.529999971	0.039999999	0.358019978	0.151469991
4001235	4000167	135	150	1.899999976	70.90000153	27.20000076	1.600000024	0.059999999	0.337600023	0.196800008
4001236	4000167	150	200	2.099999905	79.09999847	18.79999924	1.539999962	0.039999999	0.346499979	0.144759998
4001265	4000171	5	13	28.60000038	42.20000076	29.20000076	1.450000048	0.930000007	0.287099987	0.185600013
4001267	4000171	33	56	21.60000038	40.09999847	38.29999924	1.450000048	0.629999995	0.33495003	0.197200015
4001269	4000171	56	84	20	30.20000076	49.79999924	1.450000048	0.25999999	0.261000007	0.072500005
4001325	4000179	0	18	15.69999981	43.79999924	40.5	1.450000048	1.480000019	0.465449989	0.314650029
4001326	4000179	18	30	14.80000019	43.20000076	42	1.450000048	1.190000057	0.452400029	0.311750025
4001327	4000179	30	43	11	40.59999847	48.40000153	1.450000048	0.540000021	0.443700016	0.332049996
4001328	4000179	43	81	7.099999905	39.70000076	53.20000076	1.450000048	0.319999993	0.50605005	0.362500012
4001329	4000179	81	125	19.10000038	42.90000153	38	1.450000048	0.100000001	0.437900037	0.32190001
4001355	4000183	0	13	20	55.5	24.5	1.440000057	1.789999962	0.311040014	0.161280006
4001356	4000183	13	36	12.39999962	22.60000038	65	1.289999962	0.610000014	0.438599974	0.340559989
4001357	4000183	36	64	11.19999981	22.5	66.30000305	1.269999981	0.239999995	0.462280005	0.346709996
4001358	4000183	64	91	12.69999981	19.29999924	68	1.269999981	0.170000002	0.46735999	0.349249989
4001359	4000183	91	125	14.69999981	20.89999962	64.40000153	1.370000005	0.100000001	0.430179983	0.361680001
4001360	4000183	125	165	14	22.70000076	63.29999924	1.419999957	0.02	0.424579978	0.347900003
4001361	4000183	165	205	11	27.29999924	61.70000076	1.450000048	0.119999997	0.414700031	0.342200011
4001370	4000185	0	15	41.59999847	45.90000153	12.5	1.620000005	1.129999995	0.231660008	0.077760004
4001371	4000185	15	36	36.90000153	41.79999924	21.29999924	1.710000038	0.409999996	0.246240005	0.177839994
4001372	4000185	36	66	35.40000153	40.59999847	24	1.600000024	0.150000006	0.288000017	0.187199995
4001373	4000185	66	100	23.79999924	41.5	34.70000076	1.409999967	0.109999999	0.366599977	0.231239989
4001374	4000185	100	125	13.30000019	44.5	42.20000076	1.440000057	0.100000001	0.368640006	0.266400009
4001375	4000185	125	165	32.79999924	37.70000076	29.5	1.700000048	0.059999999	0.309400022	0.236300007
4001376	4000185	165	195	36.5	33	30.5	1.659999967	0.050000001	0.330339998	0.229079992
4001377	4000185	195	230	39.40000153	32.90000153	27.70000076	1.75	0.02	0.323749989	0.22225
4001379	4000186	0	18	55.79999924	33.79999924	10.39999962	1.590000033	0.689999998	0.216240004	0.068370007
4001380	4000186	18	36	56.09999847	32.40000153	11.5	1.659999967	0.360000014	0.204180002	0.076359995
4001381	4000186	36	71	38.59999847	24.20000076	37.20000076	1.539999962	0.319999993	0.351119965	0.234079987
4001382	4000186	71	100	47.09999847	22.29999924	30.60000038	1.620000005	0.140000001	0.340200007	0.22518
4001383	4000186	100	135	55.09999847	21.5	23.39999962	1.690000057	0.07	0.299130023	0.184210002
4001384	4000186	135	175	28.70000076	43.20000076	28.10000038	1.649999976	0.07	0.331649989	0.244200006
4001385	4000186	175	200	61.79999924	19.60000038	18.60000038	1.789999962	0.029999999	0.236279994	0.159309983
4001386	4000186	200	215	23.5	44.90000153	31.60000038	1.690000057	0.029999999	0.316030025	0.255190015
4001388	4000187	5	15	66.09999847	23.60000038	10.30000019	1.669999957	0.289999992	0.140279993	0.06346
4001389	4000187	15	23	58.29999924	28.70000076	13	1.620000005	0.25999999	0.155520007	0.071280003
4001390	4000187	23	30	50.29999924	32.5	17.20000076	1.600000024	0.25999999	0.187199995	0.088
4001391	4000187	30	43	27.10000038	22.5	50.40000153	1.429999948	0.200000003	0.367509991	0.220219985
4001392	4000187	43	58	27.29999924	25	47.70000076	1.440000057	0.280000001	0.394560009	0.22608
4001396	4000187	97	140	37.20000076	48.29999924	14.5	1.519999981	0.039999999	0.276639998	0.124639995
4001397	4000187	140	205	48.20000076	36.90000153	14.89999962	1.529999971	0.01	0.283050001	0.117809996
4001398	4000187	205	235	70.69999695	17.5	11.80000019	1.659999967	0.01	0.18592	0.102919996
4001399	4000188	0	5	68.69999695	23	8.300000191	1.570000052	0.400000006	0.180550009	0.067510001
4001400	4000188	5	13	56	34.40000153	9.600000381	1.659999967	0.289999992	0.217460006	0.08134
4001401	4000188	13	28	41.40000153	29.29999924	29.29999924	1.269999981	0.379999995	0.41783002	0.191770002
4001402	4000188	28	61	39.20000076	36.5	24.29999924	1.580000043	0.129999995	0.300200015	0.173800007
4001403	4000188	61	105	41.59999847	30.10000038	28.29999924	1.710000038	0.07	0.323190004	0.162450001
4001404	4000188	105	130	69.80000305	14	16.20000076	1.50999999	0.029999999	0.359379977	0.150999993
4001405	4000188	130	205	75.69999695	14.10000038	10.19999981	1.399999976	0.01	0.368199974	0.100799993
4001406	4000189	0	5	65.90000153	28.70000076	5.400000095	1.590000033	0.25	0.176490009	0.062010001
4001407	4000189	5	15	62.29999924	28.5	9.199999809	1.480000019	0.330000013	0.195360005	0.069559999
4001408	4000189	15	28	56.09999847	27.20000076	16.70000076	1.429999948	0.430000007	0.257399976	0.100099996
4001409	4000189	28	53	26.29999924	15	58.70000076	1.200000048	0.340000004	0.48120001	0.259200007
4001410	4000189	53	89	41.5	10.39999962	48.09999847	1.269999981	0.200000003	0.393700004	0.241300002
4001411	4000189	89	110	61.09999847	15.19999981	23.70000076	1.399999976	0.039999999	0.298199981	0.151199996
4001412	4000189	110	180	83	6.099999905	10.89999962	1.379999995	0.02	0.242880002	0.092459999
4001446	4000194	0	3	68.09999847	17.5	14.39999962	1.450000048	0.119999997	0.155149996	0.066700004
4001447	4000194	3	10	71.5	11.10000038	17.39999962	1.450000048	0.090000004	0.155149996	0.079750001
4001448	4000194	10	23	69.09999847	16	14.89999962	1.450000048	0.100000001	0.256650031	0.081200004
4001449	4000194	23	36	69.90000153	16.39999962	13.69999981	1.450000048	0.119999997	0.246500015	0.087000005
4001450	4000194	36	0	80.40000153	10.69999981	8.899999619	1.450000048	0.090000004	0.136299998	0.053650003
4001498	4000202	0	23	27.29999924	49	23.70000076	0.870000005	5.809999943	0.434130013	0.306240022
4001499	4000202	23	41	21.60000038	62.20000076	16.20000076	0.829999983	2.549999952	0.414999992	0.316229969
4001500	4000202	41	63	24.20000076	61.90000153	13.89999962	0.75999999	2.579999924	0.423319995	0.328319997
4001501	4000202	63	76	88.09999847	10.19999981	1.700000048	0.779999971	0.419999987	0.138060004	0.109980002
4001502	4000202	76	99	27.20000076	54.09999847	18.70000076	0.75999999	0.790000021	0.440799981	0.389880002
4001521	4000205	0	15	54.70000076	34.90000153	10.39999962	0.959999979	3.5	0.414719999	0.092160001
4001522	4000205	15	36	65.19999695	27.10000038	7.699999809	1.74000001	0.100000001	0.191400006	0.04002
4001523	4000205	36	79	68.90000153	24.79999924	6.300000191	1.919999957	0.059999999	0.168960005	0.046080001
4001524	4000205	36	56	63.20000076	24.29999924	12.5	1.870000005	0.109999999	0.215049997	0.095369995
4001525	4000205	56	99	58.40000153	27.89999962	13.69999981	1.899999976	0.02	0.237499997	0.110200003
4001526	4000205	99	125	51.59999847	34.5	13.89999962	1.899999976	0.07	0.260299981	0.117799997
4001527	4000205	125	165	47.90000153	39.09999847	13	1.879999995	0.07	0.268840015	0.12032
4001528	4000206	0	23	49.59999847	40.59999847	9.800000191	1.539999962	1.460000038	0.249480009	0.086239994
4001529	4000206	23	38	50	40.70000076	9.300000191	1.580000043	0.289999992	0.214880019	0.067940004
4001530	4000206	38	64	59.5	34.20000076	6.300000191	1.519999981	0.219999999	0.197599992	0.053199999
4001531	4000206	64	81	71.69999695	24.70000076	3.599999905	1.639999986	0.119999997	0.162359998	0.039360002
4001532	4000206	81	109	65.90000153	30.29999924	3.799999952	1.629999995	0.100000001	0.17441	0.037489999
4001533	4000206	109	152	60.70000076	36.09999847	3.200000048	1.690000057	0.079999998	0.22815001	0.032110002
4001535	4000207	0	8	72.69999695	17.10000038	10.19999981	1.549999952	0.959999979	0.134849995	0.083700001
4001536	4000207	8	23	70.90000153	18.5	10.60000038	1.50999999	0.560000002	0.147980005	0.060400002
4001537	4000207	23	48	70.30000305	18.20000076	11.5	1.460000038	0.340000004	0.1752	0.045260001
4001538	4000207	48	71	68.69999695	19.39999962	11.89999962	1.429999948	0.280000001	0.144429997	0.05291
4001539	4000207	71	89	70.59999847	18.5	10.89999962	1.460000038	0.100000001	0.159140006	0.093440004
4001540	4000207	89	110	82.30000305	12.5	5.199999809	1.919999957	0.029999999	0.128639996	0.088319995
4001542	4000208	0	15	19.70000076	40.09999847	40.20000076	1.450000048	2.279999971	0.468349993	0.329150021
4001543	4000208	15	33	21.89999962	40.09999847	38	1.450000048	1.350000024	0.435000002	0.332049996
4001564	4000211	0	18	2.400000095	69.69999695	27.89999962	1.450000048	2.779999971	0.403100014	0.18705
4001565	4000211	18	33	2.700000048	65.69999695	31.60000038	1.450000048	1.879999995	0.432099998	0.205899999
4001566	4000211	33	48	2.700000048	62.09999847	35.20000076	1.450000048	1.320000052	0.40745002	0.226200014
4001569	4000211	81	99	2.400000095	60	37.59999847	1.450000048	0.25	0.450950027	0.265349984
4001572	4000211	145	175	1.299999952	64.80000305	33.90000153	1.450000048	0.119999997	0.469800025	0.239250004
4001590	4000214	0	8	61	29.89999962	9.100000381	1.24000001	1.820000052	0.389360011	0.06944
4001591	4000214	8	18	61.90000153	27.60000038	10.5	1.399999976	0.930000007	0.352800012	0.067200005
4001592	4000214	18	25	66.40000153	24.10000038	9.5	1.389999986	0.680000007	0.266880006	0.061160002
4001593	4000214	25	30	72.5	21.39999962	6.099999905	1.389999986	0.469999999	0.237690002	0.047260001
4001594	4000214	30	38	68.90000153	17.10000038	14	1.600000024	0.409999996	0.288000017	0.123199999
4001595	4000214	38	53	66.19999695	14.30000019	19.5	1.480000019	0.479999989	0.331519991	0.127280012
4001596	4000214	53	71	82.40000153	8.300000191	9.300000191	1.519999981	0.209999993	0.272080004	0.060799997
4001597	4000214	71	97	81.90000153	9.199999809	8.899999619	1.610000014	0.090000004	0.270479977	0.077280007
4001598	4000214	97	110	59	22.10000038	18.89999962	1.50999999	0.189999998	0.389579982	0.149489999
4001599	4000214	110	135	61.40000153	19.70000076	18.89999962	1.25	0.319999993	0.405000031	0.147500008
4001600	4000214	135	170	76.09999847	9.800000191	14.10000038	1.330000043	0.07	0.389690012	0.119700007
4001614	4000217	0	18	3	66.59999847	30.39999962	1.309999943	2.200000048	0.319639981	0.170299992
4001615	4000217	18	33	2.599999905	63.90000153	33.5	1.25	1.870000005	0.342500001	0.176250011
4001616	4000217	33	46	2.799999952	64.40000153	32.79999924	1.24000001	1.110000014	0.327360004	0.179800004
4001617	4000217	46	69	3.200000048	66.40000153	30.39999962	1.230000019	0.579999983	0.321030021	0.172200009
4001618	4000217	69	86	4.099999905	67.69999695	28.20000076	1.24000001	0.330000013	0.316199988	0.166160002
4001620	4000217	110	125	3.799999952	68.19999695	28	1.309999943	0.170000002	0.353699982	0.179469988
4001621	4000217	125	145	3.700000048	69.40000153	26.89999962	1.340000033	0.109999999	0.35778001	0.182240009
4001626	4000218	23	46	14.60000038	61.09999847	24.29999924	1.450000048	0.699999988	0.272599995	0.120350011
4001627	4000218	46	66	13.69999981	54.40000153	31.89999962	1.450000048	0.600000024	0.288549989	0.159500003
4001628	4000218	66	100	16	41.79999924	42.20000076	1.450000048	0.400000006	0.316100001	0.218950018
4001629	4000218	100	130	17.79999924	40.5	41.70000076	1.450000048	0.239999995	0.332049996	0.223299995
4001631	4000219	0	13	9.5	67.40000153	23.10000038	1.220000029	2.539999962	0.309879988	0.134200007
4001632	4000219	13	25	7.5	59.29999924	33.20000076	1.269999981	1.799999952	0.387349993	0.1778
4001633	4000219	25	41	5.599999905	51.79999924	42.59999847	1.340000033	1.24000001	0.37252	0.206359997
4001634	4000219	41	58	5.099999905	50.20000076	44.70000076	1.399999976	0.75	0.393400013	0.254799992
4001635	4000219	58	79	6.400000095	56.79999924	36.79999924	1.399999976	0.379999995	0.373800009	0.223999992
4001636	4000219	79	100	7.300000191	69.5	23.20000076	1.289999962	0.230000004	0.362489998	0.145769998
4001637	4000219	100	130	7.800000191	67.19999695	25	1.279999971	0.180000007	0.381439984	0.151040003
4001638	4000219	130	150	7	68	25	1.279999971	0.159999996	0.371199995	0.144639999
4001647	4000221	0	15	36.20000076	37.40000153	26.39999962	1.090000033	1.429999948	0.29212001	0.119900003
4001648	4000221	15	38	32.70000076	35.70000076	31.60000038	1.110000014	1.019999981	0.267509997	0.133200005
4001649	4000221	38	61	27.60000038	36.09999847	36.29999924	1.220000029	0.689999998	0.308660001	0.152500004
4001651	4000221	84	115	22.39999962	40.09999847	37.5	1.299999952	0.289999992	0.343199968	0.141699985
4001653	4000221	145	175	16.79999924	45.20000076	38	1.440000057	0.129999995	0.332640022	0.164159998
4001662	4000223	18	53	62	27	11	1.610000014	0.699999988	0.17227	0.080499999
4001663	4000223	53	76	57.29999924	28.5	14.19999981	1.789999962	0.319999993	0.2148	0.103820004
4001664	4000223	76	110	49.20000076	28.39999962	22.39999962	1.809999943	0.209999993	0.273310006	0.180999994
4001665	4000223	110	140	57.90000153	24.29999924	17.79999924	1.850000024	0.159999996	0.24605	0.148000002
4001666	4000223	140	150	79.80000305	11.5	8.699999809	1.649999976	0.07	0.138599992	0.069299996
4001668	4000224	0	10	19	50.5	30.5	1.419999957	3.900000095	0.39192	0.205899999
4001669	4000224	10	41	18.79999924	48	33.20000076	1.230000019	1.159999967	0.329640001	0.173430011
4001670	4000224	41	81	19.5	46.20000076	34.29999924	1.220000029	0.790000021	0.335500002	0.182999998
4001671	4000224	81	91	18.20000076	46.90000153	34.90000153	1.210000038	0.610000014	0.36421001	0.210539997
4001672	4000224	91	115	31.70000076	46.20000076	22.10000038	1.070000052	0.270000011	0.483640045	0.146590009
4001673	4000224	115	150	38.09999847	46.09999847	15.80000019	1.49000001	0.159999996	0.427630007	0.26820001
4001675	4000225	0	5	19.29999924	65	15.69999981	1.299999952	2.24000001	0.322399974	0.128699988
4001676	4000225	5	10	16.60000038	61.29999924	22.10000038	1.24000001	1.049999952	0.302560002	0.132679999
4001677	4000225	10	20	17.79999924	57.40000153	24.79999924	1.289999962	0.75	0.291539997	0.15738
4001678	4000225	20	30	18.5	53.5	28	1.190000057	0.579999983	0.293930024	0.151130006
4001679	4000225	30	53	13.60000038	26.10000038	60.29999924	1.230000019	0.529999971	0.484620035	0.371460021
4001680	4000225	53	63	34.5	24.29999924	41.20000076	1.100000024	0.469999999	0.46420002	0.279399991
4001681	4000225	63	69	81.80000305	14.30000019	3.900000095	1.539999962	0.289999992	0.307999998	0.164779991
4001682	4000225	69	105	84.90000153	10.69999981	4.400000095	1.440000057	0.150000006	0.316799998	0.146880001
4001683	4000225	105	125	71.80000305	18.89999962	9.300000191	1.429999948	0.119999997	0.285999984	0.148719996
4001693	4000227	0	18	17	60.79999924	22.20000076	1.029999971	4.349999905	0.505729973	0.176129997
4001694	4000227	18	33	16	64.30000305	19.70000076	0.910000026	1.409999967	0.455000013	0.142870009
4001696	4000227	41	51	7.400000095	32.70000076	59.90000153	1.320000052	0.660000026	0.459360003	0.374880016
4001698	4000227	63	94	8.5	38.40000153	53.09999847	1.279999971	0.370000005	0.487679958	0.413439989
4001700	4000228	0	28	9.199999809	36.29999924	54.5	1.450000048	6.039999962	0.513300061	0.384250015
4001701	4000228	28	46	7.400000095	34.90000153	57.70000076	1.450000048	2.039999962	0.387150019	0.330599993
4001702	4000228	46	71	9.800000191	30.60000038	59.59999847	1.450000048	1.330000043	0.498800039	0.359600008
4001703	4000228	71	97	23.29999924	21	55.70000076	1.450000048	0.860000014	0.517650008	0.375550002
4001704	4000228	97	120	17	23.29999924	59.70000076	1.450000048	0.720000029	0.458200008	0.382800013
4001705	4000228	120	155	19.20000076	27.20000076	53.59999847	1.450000048	0.560000002	0.432099998	0.355250001
4001706	4000228	155	180	17.10000038	45.29999924	37.59999847	1.450000048	0.189999998	0.329150021	0.261000007
4001714	4000230	46	69	9.300000191	5.199999809	85.5	1.25999999	0.550000012	0.430920005	0.409500003
4001715	4000230	69	99	5.800000191	4.699999809	89.5	1.25999999	0.349999994	0.427140027	0.379260004
4001716	4000230	99	130	3.099999905	6.300000191	90.59999847	1.279999971	0.25	0.446720004	0.381439984
4001759	4000237	23	41	53.09999847	28.70000076	18.20000076	1.789999962	0.150000006	0.2148	0.114560001
4001760	4000237	41	74	47.29999924	29.20000076	23.5	1.779999971	0.129999995	0.243859991	0.156640008
4001761	4000237	74	120	47.70000076	22.60000038	29.70000076	1.710000038	0.129999995	0.278730005	0.189810008
4001764	4000237	120	160	53.79999924	20	26.20000076	1.75999999	0.109999999	0.263999999	0.181280002
4001765	4000237	160	225	59.79999924	17.70000076	22.5	1.769999981	0.059999999	0.26372999	0.159299999
4001767	4000237	160	225	63.79999924	15.60000038	20.60000038	1.75	0.02	0.211750001	0.140000001
4001768	4000237	220	265	72.30000305	17.39999962	10.30000019	1.809999943	-9.9	0.200910002	0.076019995
4001776	4000239	0	15	9.199999809	23.60000038	67.19999695	1.450000048	5.199999809	0.604650021	0.432099998
4001777	4000239	15	28	4.300000191	13.89999962	81.80000305	1.450000048	2.00999999	0.627849996	0.494450003
4001778	4000239	28	48	4.699999809	17.29999924	78	1.450000048	1.340000033	0.632200003	0.507499993
4001779	4000239	48	69	8.5	24.10000038	67.40000153	1.450000048	0.870000005	0.623500049	0.493000031
4001780	4000239	69	94	10	33.20000076	56.79999924	1.450000048	0.589999974	0.585800052	0.465449989
4001781	4000239	94	125	20.60000038	39.79999924	39.59999847	1.450000048	0.469999999	0.629300058	0.437900037
4001792	4000241	4	18	50.5	19.29999924	30.20000076	1.480000019	0.980000019	0.304880023	0.189440012
4001793	4000241	18	24	44.40000153	18.10000038	37.5	1.460000038	0.709999979	0.335800022	0.246739998
4001794	4000241	24	46	35.29999924	17.10000038	47.59999847	1.399999976	0.379999995	0.408800006	0.313600004
4001795	4000241	46	71	42	15.39999962	42.59999847	1.399999976	0.109999999	0.419999987	0.31219998
4001796	4000241	71	97	56.29999924	18	25.70000076	1.419999957	0.039999999	0.362099975	0.220099986
4001833	4000247	0	18	14.5	37.79999924	47.70000076	1.279999971	1.960000038	0.400639981	0.286719978
4001834	4000247	18	38	9.100000381	29.5	61.40000153	1.169999957	1.169999957	0.464489996	0.305370003
4001835	4000247	38	61	6.900000095	29.39999962	63.70000076	1.230000019	0.439999998	0.457560003	0.322260022
4001836	4000247	61	97	7.099999905	33.70000076	59.20000076	1.279999971	0.129999995	0.453120023	0.302080005
4001837	4000247	97	135	7.400000095	34.59999847	58	1.340000033	0.100000001	0.438180029	0.302840024
4001838	4000247	135	170	9.399999619	32.5	58.09999847	1.330000043	0.059999999	0.445550025	0.321860015
4001841	4000248	0	18	10.5	38.70000076	50.79999924	1.450000048	1.440000057	0.44659999	0.291450024
4001842	4000248	18	33	8.899999619	38	53.09999847	1.450000048	0.910000026	0.471250027	0.297250003
4001843	4000248	33	61	7.800000191	35	57.20000076	1.450000048	0.689999998	0.522000015	0.333499998
4001845	4000248	81	110	8.199999809	32.40000153	59.40000153	1.450000048	0.449999988	0.522000015	0.330599993
4001846	4000248	110	150	7.300000191	27.29999924	65.40000153	1.450000048	0.180000007	0.526350021	0.36105001
4001847	4000249	0	18	17.70000076	30.70000076	51.59999847	1.450000048	1.639999986	0.469800025	0.2958
4001848	4000249	18	36	16.70000076	28.29999924	55	1.450000048	1.289999962	0.588699996	0.340750009
4001849	4000249	36	58	13.60000038	24.79999924	61.59999847	1.450000048	0.629999995	0.591600001	0.392950028
4001850	4000249	58	86	12.39999962	24.60000038	63	1.450000048	0.370000005	0.559700012	0.379900038
4001851	4000249	86	130	13.30000019	28.5	58.20000076	1.450000048	0.119999997	0.535050035	0.356700003
4001853	4000250	0	15	23.10000038	40.70000076	36.20000076	1.460000038	1.049999952	0.34018001	0.204400003
4001854	4000250	15	56	16.89999962	39	44.09999847	1.429999948	0.870000005	0.384669989	0.254539967
4001856	4000250	84	125	15.60000038	38.70000076	45.70000076	1.419999957	0.610000014	0.407539994	0.268379986
4001859	4000250	200	245	17.10000038	33.5	49.40000153	1.419999957	0.100000001	0.418899983	0.278319985
4001861	4000251	10	46	33.29999924	28.79999924	37.90000153	1.5	0.540000021	0.375	0.254999995
4001862	4000251	46	56	35.09999847	26.60000038	38.29999924	1.5	0.439999998	0.385500014	0.259499997
4001863	4000251	56	71	50.70000076	22.89999962	26.39999962	1.529999971	0.280000001	0.362610012	0.26316002
4001864	4000251	71	115	79.59999847	1.100000024	9.300000191	1.590000033	0.01	0.308459997	0.244859993
4001865	4000251	115	145	81.5	11.30000019	7.199999809	1.730000019	-9.9	0.268150002	0.247390002
4001871	4000253	0	23	33.90000153	43.59999847	22.5	1.289999962	2.039999962	0.225749999	0.145769998
4001872	4000253	23	30	29.79999924	45.5	24.70000076	1.700000048	0.670000017	0.2958	0.221000001
4001873	4000253	30	41	37.5	29.70000076	32.79999924	1.720000029	0.340000004	0.292400002	0.221880004
4001874	4000253	41	61	27	38.29999924	34.70000076	1.779999971	0.189999998	0.295480013	0.242080003
4001875	4000253	61	79	10.39999962	68.09999847	21.5	1.840000033	0.109999999	0.292560011	0.187680006
4001876	4000253	79	91	13.89999962	76	10.10000038	1.970000029	0.150000006	0.226549998	0.118200004
4001887	4000256	0	20	15.69999981	51.40000153	32.90000153	1.460000038	2.220000029	0.267179996	0.021900002
4001888	4000256	20	28	9.5	51.5	39	1.580000043	0.639999986	0.341280013	0.02844
4001889	4000256	28	38	7.199999809	47.5	45.29999924	1.590000033	0.389999986	0.352980018	0.03021
4001890	4000256	38	61	5.400000095	47.29999924	47.29999924	1.659999967	0.319999993	0.338639975	0.031539999
4001892	4000257	0	20	25.39999962	38.5	36.09999847	1.450000048	9.199999809	0.464000016	0.276950002
4001893	4000257	20	30	6.400000095	59.29999924	34.29999924	1.450000048	1	0.404550016	0.226200014
4001894	4000257	30	48	4.699999809	38.09999847	57.20000076	1.450000048	0.699999988	0.474150032	0.298700005
4001897	4000257	102	190	1.5	28	70.5	1.450000048	0.5	0.617699981	0.355250001
4001898	4000258	0	20	26.29999924	52.59999847	21.10000038	1.230000019	2.700000048	0.327179998	0.12054
4001899	4000258	20	46	31.70000076	52.40000153	15.89999962	1.340000033	0.870000005	0.277380019	0.083080001
4001900	4000258	46	53	37.70000076	44.90000153	17.39999962	1.860000014	0.280000001	0.249239996	0.096719995
4001901	4000258	53	86	37.20000076	45.5	17.29999924	1.789999962	0.119999997	0.270289987	0.110979997
4001902	4000258	86	137	30	48	22	1.779999971	0.159999996	0.26699999	0.140619993
4001903	4000258	137	157	23.89999962	54	22.10000038	1.860000014	0.140000001	0.273420006	0.132060006
4001934	4000263	8	15	25.39999962	45.20000076	29.39999962	1.169999957	2.309999943	0.347489983	0.145079985
4001935	4000263	15	28	25.89999962	44.90000153	29.20000076	1.139999986	1.159999967	0.353399992	0.129960001
4001936	4000263	28	41	28	46	26	1.389999986	0.949999988	0.337769985	0.143169999
4001937	4000263	41	61	33.90000153	41.79999924	24.29999924	1.659999967	0.340000004	0.312079996	0.157700002
4001938	4000263	61	81	32	42.40000153	25.60000038	1.669999957	0.360000014	0.298929989	0.150299996
4001939	4000263	81	117	19.39999962	51.59999847	29	1.639999986	0.529999971	0.347680002	0.218119994
4001940	4000263	117	127	26.5	41.59999847	31.89999962	1.720000029	0.25999999	0.321640015	0.173720002
4001941	4000264	0	13	11.60000038	29.20000076	59.20000076	1.450000048	4.400000095	0.497350007	0.281300008
4001942	4000264	13	20	7.199999809	24.60000038	68.19999695	1.450000048	1.5	0.440800011	0.2958
4001943	4000264	20	48	2	13.5	84.5	1.450000048	1	0.466900021	0.305950016
4001944	4000264	48	66	0.699999988	13.30000019	86	1.450000048	0.699999988	0.466900021	0.339300007
4001945	4000264	66	91	1.200000048	20.5	78.30000305	1.450000048	0.5	0.417600006	0.324800014
4001947	4000265	0	20	32.20000076	47.29999924	20.5	1.139999986	2.910000086	0.294119984	0.116279997
4001949	4000265	25	33	41.40000153	47.20000076	11.39999962	1.100000024	1.559999943	0.38500002	0.124300003
4001950	4000265	20	33	28	49.59999847	22.39999962	1.470000029	0.829999983	0.310170025	0.092610002
4001951	4000265	33	41	21.29999924	58.20000076	20.5	1.600000024	0.49000001	0.276800007	0.081600003
4001953	4000265	46	89	35.40000153	42.29999924	22.29999924	1.830000043	0.209999993	0.281819999	0.15189001
4001954	4000265	89	102	49.90000153	29.60000038	20.5	1.899999976	0.230000004	0.279300004	0.15959999
4001962	4000267	0	18	7.300000191	59.09999847	33.59999847	1.450000048	0.49000001	0.445150018	0.18415001
4001963	4000267	18	28	11.19999981	47.59999847	41.20000076	1.450000048	0.129999995	0.371200025	0.156600013
4001964	4000267	28	51	3.700000048	43.29999924	53	1.450000048	0.059999999	0.368300021	0.194299996
4001968	4000267	130	198	1.899999976	46.70000076	51.40000153	1.450000048	0.02	0.443700016	0.220400006
4001980	4000270	0	30	43	44.20000076	12.80000019	1.440000057	1.659999967	0.311040014	0.099360004
4001981	4000270	30	38	47.59999847	46.59999847	5.800000191	1.460000038	0.680000007	0.25842002	0.068619996
4001982	4000270	38	48	43.29999924	46.09999847	10.60000038	1.820000052	0.119999997	0.267540008	0.083719999
4001983	4000270	48	66	23	57.20000076	19.79999924	1.679999948	0.159999996	0.320879996	0.152879998
4001984	4000270	66	97	33.5	53.20000076	13.30000019	1.799999952	0.039999999	0.257400006	0.115199998
4001985	4000270	97	117	33.90000153	56.79999924	9.300000191	1.75999999	0.059999999	0.271039993	0.088
4001986	4000270	117	140	34.29999924	57.40000153	8.300000191	1.720000029	0.059999999	0.259719998	0.082560003
4001987	4000270	140	157	22	63	15	1.639999986	0.050000001	0.36243999	0.11152
4001988	4000271	0	20	60.20000076	28.20000076	11.60000038	1.480000019	1.830000043	0.279720008	0.091759995
4001989	4000271	20	28	67	24.10000038	8.899999619	1.539999962	0.629999995	0.271039993	0.070839994
4001990	4000271	28	38	60.20000076	29.10000038	10.69999981	1.590000033	0.289999992	0.227370009	0.049290001
4001991	4000271	38	51	70.69999695	22.10000038	7.199999809	1.720000029	0.200000003	0.192640007	0.072239995
4001992	4000271	51	69	44.09999847	34.79999924	21.10000038	1.610000014	0.219999999	0.270479977	0.13846001
4001993	4000271	69	84	54.29999924	40.5	5.199999809	1.879999995	0.050000001	0.203040004	0.04324
4001994	4000272	0	20	54.59999847	33	12.39999962	1.580000043	3.779999971	0.230680019	0.10744001
4001995	4000272	20	25	71	22.5	6.5	1.769999981	1.080000043	0.244259998	0.072569996
4001996	4000272	25	30	62	34.20000076	3.799999952	1.779999971	0.300000012	0.217159986	0.053399999
4001997	4000272	30	71	34.5	45.70000076	19.79999924	1.75999999	0.109999999	0.286879987	0.151360005
4001998	4000272	71	109	55	40.70000076	4.300000191	1.909999967	0.02	0.202460006	0.00382
4002007	4000274	0	20	71.09999847	25.29999924	3.599999905	1.450000048	0.589999974	0.113100007	0.043500002
4002008	4000274	20	30	83.59999847	13.89999962	2.5	1.450000048	0.050000001	0.079750001	0.031900004
4002009	4000274	30	53	77.19999695	20.79999924	2	1.450000048	0.079999998	0.097149998	0.024650002
4002010	4000274	53	79	82.59999847	14.19999981	3.200000048	1.450000048	0.059999999	0.097149998	0.030449999
4002011	4000274	79	114	89.30000305	9.100000381	1.600000024	1.450000048	0.039999999	0.0638	0.0261
4002012	4000274	114	124	77.90000153	13.5	8.600000381	1.450000048	0.059999999	0.123250008	0.066700004
4002013	4000274	124	142	75.19999695	22.89999962	1.899999976	1.450000048	0.029999999	0.087000005	0.030449999
4002014	4000274	142	193	71.40000153	23.89999962	4.699999809	1.450000048	0.02	0.111649998	0.050750002
4002016	4000274	206	221	89.19999695	8.699999809	2.099999905	1.450000048	0.02	0.059450001	0.030449999
4002017	4000274	221	241	86.69999695	7.300000191	6	1.450000048	0.02	0.094250001	0.050750002
4002018	4000274	53	107	74.90000153	12	13.10000038	1.450000048	0.02	0.150800005	0.082649998
4002027	4000276	0	20	90.5	7.400000095	2.099999905	1.450000048	1.370000005	0.136299998	0.084100008
4002028	4000276	20	25	90.19999695	4	0.800000012	1.450000048	0.389999986	0.052200001	0.039150003
4002029	4000276	25	41	96.80000305	3	0.200000003	1.450000048	0.300000012	0.034800004	0.027550001
4002030	4000276	41	71	96.80000305	2.599999905	0.600000024	1.450000048	0.140000001	0.024650002	0.0174
4002041	4000276	160	203	97	1	0.200000003	1.450000048	0.039999999	0.029000001	0.0145
4002048	4000277	198	213	44.40000153	41.5	14.10000038	1.360000014	0.140000001	0.352239996	0.057119999
4002050	4000278	23	46	20.10000038	48.59999847	31.29999924	1.399999976	0.600000024	0.373800009	0.188999996
4002051	4000278	46	56	19.20000076	52.29999924	28.5	1.700000048	0.469999999	0.300900012	0.192100003
4002052	4000278	56	69	19.39999962	55.90000153	24.70000076	1.679999948	0.230000004	0.329279989	0.188159987
4002053	4000278	69	91	24.10000038	53.5	22.39999962	1.74000001	0.230000004	0.301019996	0.179220006
4002054	4000278	91	107	20.60000038	57.29999924	22.10000038	1.820000052	0.209999993	0.282100022	0.172900006
4002067	4000281	20	30	23.39999962	56.59999847	20	1.080000043	2.059999943	0.406080008	0.123120002
4002068	4000281	30	43	30.79999924	51.70000076	17.5	1.139999986	1.409999967	0.409260005	0.103740007
4002069	4000281	43	53	39.79999924	47.40000153	12.80000019	1.639999986	0.270000011	0.316519976	0.082000002
4002070	4000281	53	71	37	49.29999924	13.69999981	1.879999995	0.189999998	0.289519995	0.105279997
4002071	4000281	71	97	36.5	44.79999924	18.70000076	1.860000014	0.159999996	0.256680012	0.094860002
4002072	4000281	97	117	35.20000076	52.79999924	12	1.840000033	0.159999996	0.268640012	0.075439997
4002073	4000281	117	152	33.40000153	50.5	16.10000038	1.820000052	0.159999996	0.271180004	0.11466001
4002074	4000281	152	183	28.79999924	49.90000153	21.29999924	1.769999981	0.140000001	0.300899982	0.129209995
4002075	4000281	183	193	23.20000076	57.29999924	19.5	1.789999962	0.180000007	0.289979994	0.2148
4002076	4000281	193	198	30.20000076	51.59999847	18.20000076	1.879999995	0.159999996	0.291399986	0.212439999
4002077	4000282	0	20	42.70000076	42.70000076	14.60000038	1.190000057	2.119999886	0.311780035	0.133280009
4002078	4000282	20	30	40.29999924	46.09999847	13.60000038	1.289999962	0.959999979	0.295409977	0.156090006
4002079	4000282	30	38	41.09999847	47.90000153	11	1.5	0.349999994	0.32249999	0.136500001
4002080	4000282	38	76	64.19999695	29	6.800000191	1.769999981	0.129999995	0.254879981	0.157529995
4002081	4000282	76	97	60	24.70000076	15.30000019	1.659999967	0.180000007	0.293819994	0.071380004
4002082	4000282	97	122	59.59999847	25	15.39999962	1.659999967	0.150000006	0.331999987	0.099599995
4002083	4000282	122	137	59.79999924	25.89999962	14.30000019	1.620000005	0.090000004	0.307799995	0.093960002
4002084	4000283	0	20	59.5	31	9.5	1.279999971	2.079999924	0.281599998	0.117759995
4002085	4000283	20	33	57.20000076	32.70000076	10.10000038	1.379999995	0.75	0.275999993	0.131099999
4002086	4000283	33	48	63.79999924	27.89999962	8.300000191	1.49000001	0.319999993	0.217540011	0.113239996
4002087	4000283	48	61	64.90000153	26	9.100000381	1.809999943	0.050000001	0.266069978	0.097740002
4002088	4000283	61	86	61.40000153	26.29999924	12.30000019	1.74000001	0.050000001	0.255780011	0.100920007
4002089	4000283	86	114	63.70000076	25.70000076	10.60000038	1.779999971	0.039999999	0.245639995	0.089000002
4002090	4000283	114	140	22.20000076	50.09999847	27.70000076	1.820000052	0.02	0.245700002	0.083719999
4002091	4000284	0	18	12.69999981	57.90000153	29.39999962	0.959999979	5.800000191	0.376320004	0.165120006
4002092	4000284	18	30	24.20000076	56.70000076	19.10000038	1.129999995	1.169999957	0.374029994	0.114130005
4002093	4000284	30	53	25.79999924	58	16.20000076	1.25	1.179999948	0.407499969	0.113750003
4002107	4000287	0	25	45.29999924	44	10.69999981	1.429999948	1.279999971	0.227369979	0.091519997
4002108	4000287	25	41	46	41.70000076	12.30000019	1.539999962	0.519999981	0.292600006	0.083159998
4002109	4000287	41	51	46.59999847	43.5	9.899999619	1.860000014	0.119999997	0.215760008	0.07626
4002110	4000287	51	97	46.09999847	43.70000076	10.19999981	1.799999952	0.059999999	0.207000002	0.0792
4002111	4000287	97	119	46.40000153	46.40000153	7.199999809	1.74000001	-9.9	0.198359996	0.05742
4002112	4000287	119	142	50.79999924	46.09999847	8.100000381	1.74000001	0.02	0.160080001	0.052200001
4002113	4000287	142	165	43.29999924	45.59999847	11.10000038	1.789999962	-9.9	0.168259993	0.075179994
4002136	4000291	0	18	90.59999847	7.5	1.899999976	1.450000048	1.00999999	0.102949999	0.060899999
4002137	4000291	18	25	86	12	2	1.450000048	1.789999962	0.172549993	0.100050002
4002139	4000291	36	56	90	9.800000191	0.200000003	1.450000048	0.560000002	0.078300007	0.044950001
4002140	4000291	56	74	90.59999847	9.199999809	0.200000003	1.450000048	0.289999992	0.053650003	0.0261
4002141	4000291	74	81	92.09999847	7.5	0.400000006	1.450000048	0.150000006	0.055100001	0.0261
4002142	4000291	81	84	91.5	7.800000191	0.699999988	1.450000048	0.219999999	0.069600008	0.033349998
4002143	4000291	84	97	92.59999847	7.099999905	0.300000012	1.450000048	0.090000004	0.031900004	0.01305
4002144	4000291	97	99	93.5	5.900000095	0.600000024	1.450000048	0.180000007	0.068149999	0.037700001
4002145	4000291	99	132	93.59999847	6	0.400000006	1.450000048	0.059999999	0.033349998	0.01305
4002147	4000291	135	155	92.80000305	6.199999809	1	1.450000048	0.039999999	0.036250003	0.01305
4002148	4000291	155	160	88.19999695	6.900000095	4.900000095	1.450000048	0.079999998	0.07395	0.037700001
4002149	4000291	160	203	93.5	4.699999809	1.799999952	1.450000048	0.02	0.039150003	0.0174
4002150	4000291	203	229	91.40000153	5.5	3.099999905	1.450000048	0.050000001	0.060899999	0.027550001
4002151	4000291	229	274	95.90000153	3.200000048	0.899999976	1.450000048	0.02	0.033349998	0.01305
4002152	4000291	0	0	89.90000153	4.800000191	5.300000191	1.450000048	0.039999999	0.081200004	0.042050004
4002153	4000292	0	18	48.79999924	38.29999924	12.89999962	1.450000048	2.74000001	0.345099986	0.136299998
4002154	4000292	18	33	66.19999695	22.39999962	11.39999962	1.450000048	0.689999998	0.23635	0.114550002
4002155	4000292	33	61	73.40000153	16.39999962	10.19999981	1.450000048	0.540000021	0.220400006	0.121799998
4002156	4000292	61	97	71	20.79999924	8.199999809	1.450000048	0.589999974	0.237800002	0.085550003
4002157	4000292	97	142	63.59999847	27.39999962	9	1.450000048	0.310000002	0.218950018	0.078300007
4002158	4000292	142	183	62.79999924	28.10000038	9.100000381	1.450000048	0.300000012	0.227650002	0.069600008
4002159	4000293	0	20	22.89999962	63.79999924	13.30000019	1.450000048	0.579999983	0.481400013	0.160950005
4002160	4000293	20	36	17.60000038	73	9.399999619	1.450000048	0.180000007	0.362500012	0.107300006
4002161	4000293	36	56	36.90000153	49	14.10000038	1.450000048	0.119999997	0.297250003	0.18705
4002162	4000293	56	71	54.79999924	35.59999847	9.600000381	1.450000048	0.050000001	0.200100005	0.12470001
4002163	4000293	71	86	58.59999847	31.70000076	9.699999809	1.450000048	0.02	0.149350002	0.034800004
4002180	4000296	3	8	18.29999924	59.5	22.20000076	0.600000024	6.400000095	0.404400021	0.115200005
4002181	4000296	8	18	23.10000038	62.40000153	14.5	0.75	6.099999905	0.386999995	0.135749996
4002182	4000296	18	33	20.5	64.09999847	15.39999962	0.600000024	6	0.37560001	0.1008
4002187	4000297	3	8	15.60000038	59.59999847	24.79999924	0.800000012	4.5	0.40079999	0.134399995
4002188	4000297	8	25	18.10000038	64.69999695	17.20000076	0.839999974	2.880000114	0.375479996	0.113399997
4002189	4000297	25	36	19	65	16	1.149999976	1.700000048	0.349599987	0.118450001
4002191	4000298	0	15	51.5	39.5	9	1.450000048	0.959999979	0.410349995	0.185600013
4002192	4000298	15	25	44.59999847	48.40000153	7	1.450000048	0.75	0.638000011	0.255200028
4002193	4000298	25	38	68.09999847	27.89999962	4	1.450000048	0.180000007	0.261000007	0.085550003
4002194	4000298	38	51	67.69999695	29.39999962	2.900000095	1.450000048	0.029999999	0.120350011	0.031900004
4002200	4000299	20	33	38.20000076	47.09999847	14.69999981	1.340000033	0.629999995	0.341700017	0.104520008
4002201	4000299	33	41	40.09999847	46.20000076	13.69999981	1.399999976	0.50999999	0.320600003	0.099399999
4002202	4000299	41	58	59	30.20000076	10.80000019	1.600000024	0.360000014	0.265599996	0.0832
4002208	4000301	0	18	89.09999847	7.900000095	3	1.450000048	4.599999905	0.245049998	0.100050002
4002209	4000301	18	33	94.19999695	5.5	0.300000012	1.450000048	3	0.179800004	0.0058
4002210	4000301	18	33	94.59999847	4.5	0.899999976	1.450000048	6	0.060899999	0.00725
4002211	4000301	33	63	96.30000305	3.099999905	0.600000024	1.450000048	0.5	0.108750001	0.00725
4002212	4000301	63	91	97.09999847	2.599999905	0.300000012	1.450000048	0.200000003	0.082649998	0.01015
4002226	4000303	0	28	60.90000153	25.29999924	13.80000019	1.450000048	1	0.18705	0.081200004
4002227	4000303	28	36	65.09999847	25.20000076	9.699999809	1.450000048	0.200000003	0.182700008	0.056550004
4002228	4000303	36	56	60.90000153	20.20000076	18.89999962	1.450000048	0.25	0.255200028	0.110200003
4002229	4000303	56	76	69.69999695	13.80000019	16.5	1.450000048	0.079999998	0.223299995	0.097149998
4002230	4000303	76	89	69.69999695	10.39999962	14.60000038	1.450000048	0.059999999	0.168200016	0.084100008
4002231	4000303	89	104	89	4.699999809	6.300000191	1.450000048	0.059999999	0.133400008	0.037700001
4002232	4000303	104	119	80.40000153	8.199999809	11.39999962	1.450000048	0.059999999	0.207350016	0.071050003
4002234	4000304	0	20	87.69999695	8.399999619	3.900000095	1.450000048	0.560000002	0.223299995	0.037700001
4002235	4000304	20	36	87.59999847	7.800000191	4.599999905	1.450000048	0.079999998	0.162400007	0.021750001
4002236	4000304	36	56	74.69999695	6.400000095	18.89999962	1.450000048	0.119999997	0.237800002	0.105850004
4002237	4000304	56	69	79	5.099999905	15.89999962	1.450000048	0.100000001	0.207350016	0.095700003
4002238	4000304	69	81	91.90000153	2.900000095	5.199999809	1.450000048	0.039999999	0.211700007	0.030449999
4002239	4000304	81	107	75.30000305	12.80000019	11.89999962	1.450000048	0.039999999	0.176899999	0.081200004
4002240	4000304	107	152	94.5	2.900000095	2.599999905	1.450000048	-9.9	0.18415001	0.0174
4002241	4000305	0	25	81.69999695	11.89999962	6.400000095	1.450000048	0.550000012	0.23635	0.047850002
4002242	4000305	25	46	80.19999695	15.10000038	4.699999809	1.450000048	0.079999998	0.169650003	0.023200002
4002243	4000305	46	56	74.80000305	13.60000038	11.60000038	1.450000048	0.100000001	0.207350016	0.060899999
4002244	4000305	56	71	76.69999695	12.5	10.80000019	1.450000048	0.059999999	0.160950005	0.060899999
4002245	4000305	71	84	78.19999695	11	10.80000019	1.450000048	0.039999999	0.178350002	0.059450001
4002246	4000305	84	109	88.40000153	9.199999809	2.400000095	1.450000048	0.039999999	0.146450013	0.0174
4002249	4000306	0	20	79.30000305	15.30000019	5.400000095	1.450000048	0.74000001	0.224750012	0.046400003
4002250	4000306	20	36	73.09999847	19.70000076	7.199999809	1.450000048	0.100000001	0.208800003	0.040600002
4002252	4000306	46	69	66.59999847	17.39999962	16	1.450000048	0.100000001	0.268250018	0.095700003
4002253	4000306	69	84	71.19999695	14.39999962	14.39999962	1.450000048	0.079999998	0.255200028	0.091350004
4002254	4000306	84	112	89	6.400000095	4.599999905	1.450000048	0.039999999	0.356700003	0.030449999
4002255	4000306	112	152	86.80000305	7	6.199999809	1.450000048	0.119999997	0.34800002	0.040600002
4002257	4000307	0	23	65	27.29999924	7.699999809	1.450000048	0.389999986	0.203000009	0.065250002
4002258	4000307	23	30	53.5	30.29999924	16.20000076	1.450000048	0.239999995	0.23635	0.102949999
4002259	4000307	30	46	58.79999924	20.79999924	20.39999962	1.450000048	0.150000006	0.247950017	0.121799998
4002260	4000307	46	63	58.70000076	21.39999962	19.89999962	1.450000048	0.119999997	0.23345001	0.117450006
4002261	4000307	63	74	77.59999847	8.199999809	14.19999981	1.450000048	0.059999999	0.18705	0.07395
4002262	4000307	89	206	80.90000153	7.400000095	11.69999981	1.450000048	0.059999999	0.191400006	0.072500005
4002263	4000307	0	0	82.69999695	8.899999619	8.399999619	1.450000048	0.039999999	0.145000011	0.043500002
4002264	4000308	0	25	89.69999695	6	4.300000191	1.450000048	0.379999995	0.127600014	0.0261
4002265	4000308	25	58	91.69999695	4.199999809	4.099999905	1.450000048	0.07	0.081200004	0.021750001
4002266	4000308	58	76	89.30000305	3.099999905	7.599999905	1.450000048	0.07	0.097149998	0.044950001
4002267	4000308	76	97	91.80000305	2.799999952	5.400000095	1.450000048	0.050000001	0.075400002	0.034800004
4002268	4000308	97	107	91.19999695	4.5	4.300000191	1.450000048	0.050000001	0.085550003	0.029000001
4002269	4000308	107	122	83.19999695	8.399999619	8.399999619	1.450000048	0.090000004	0.114550002	0.050750002
4002271	4000308	132	152	94.30000305	2.700000048	3	1.450000048	0.059999999	0.0638	0.024650002
4002272	4000309	0	23	71.5	7.699999809	10.80000019	1.450000048	0.639999986	0.182700008	0.079750001
4002273	4000309	23	53	77.80000305	7.5	14.69999981	1.450000048	0.219999999	0.204450011	0.105850004
4002274	4000309	53	69	75.09999847	9.600000381	15.30000019	1.450000048	0.140000001	0.287099987	0.12470001
4002275	4000309	69	94	72.90000153	10	17.10000038	1.450000048	0.109999999	0.301600009	0.131950006
4002276	4000309	94	168	76.90000153	9.100000381	14	1.450000048	0.090000004	0.229100004	0.105850004
4002279	4000310	0	20	68.59999847	24.79999924	6.599999905	1.450000048	1.460000038	0.192850009	0.060899999
4002280	4000310	20	36	75.19999695	19.10000038	5.699999809	1.450000048	0.239999995	0.101500005	0.037700001
4002282	4000310	61	91	69.69999695	5.699999809	24.60000038	1.450000048	0.180000007	0.156600013	0.126149997
4002283	4000310	91	244	65.90000153	3.700000048	30.39999962	1.450000048	0.079999998	0.171100006	0.160950005
4002284	4000311	0	15	73	20.79999924	6.199999809	1.450000048	0.560000002	0.18705	0.037700001
4002285	4000311	15	23	64.5	26.39999962	9.100000381	1.450000048	0.25	0.165299997	0.047850002
4002286	4000311	23	46	65.59999847	19.29999924	15.10000038	1.450000048	0.180000007	0.160950005	0.091350004
4002287	4000311	46	71	67.5	5.599999905	26.89999962	1.450000048	0.119999997	0.163850009	0.126149997
4002288	4000311	71	152	67.19999695	3.5	29.29999924	1.450000048	0.079999998	0.178350002	0.140650004
4002289	4000312	0	25	73.80000305	13.39999962	13.5	1.450000048	0.569999993	0.204450011	0.081200004
4002290	4000312	25	38	72.09999847	14.39999962	13.5	1.450000048	0.25	0.17400001	0.075400002
4002291	4000312	38	61	66.40000153	13.30000019	20.29999924	1.450000048	0.170000002	0.188500002	0.123250008
4002292	4000312	61	89	73	10.19999981	16.79999924	1.450000048	0.109999999	0.205899999	0.102949999
4002293	4000312	89	107	84.59999847	5.300000191	10.10000038	1.450000048	0.050000001	0.17400001	0.071050003
4002294	4000312	107	152	87.19999695	3.799999952	9	1.450000048	0.050000001	0.12470001	0.071050003
4002295	4000313	0	28	48.59999847	41.5	9.899999619	1.450000048	0.689999998	0.240700006	0.062350005
4002296	4000313	28	36	47	37.90000153	15.10000038	1.450000048	0.180000007	0.227650002	0.098600008
4002297	4000313	36	53	51.59999847	29.89999962	18.5	1.450000048	0.119999997	0.217500001	0.114550002
4002298	4000313	53	71	65.5	18.79999924	15.69999981	1.450000048	0.059999999	0.189950019	0.097149998
4002299	4000313	71	86	61.79999924	22.5	15.69999981	1.450000048	0.039999999	0.179800004	0.100050002
4002300	4000313	86	107	85.80000305	6.300000191	7.900000095	1.450000048	-9.9	0.126149997	0.075400002
4002303	4000314	0	8	95.19999695	3.599999905	1.200000048	1.450000048	0.810000002	0.104400001	0.021750001
4002304	4000314	8	36	94.09999847	3.900000095	2	1.450000048	0.340000004	0.108750001	0.018850001
4002305	4000314	36	63	92.69999695	4.5	2.799999952	1.450000048	0.079999998	0.055100001	0.021750001
4002306	4000314	63	91	90.90000153	4.699999809	4.400000095	1.450000048	0.079999998	0.059450001	0.0261
4002307	4000314	91	122	97.09999847	1.399999976	1.5	1.450000048	0.02	0.034800004	0.01015
4002308	4000315	0	28	93.90000153	2.900000095	3.200000048	1.450000048	0.5	0.169650003	0.030449999
4002309	4000315	28	38	92.90000153	3.5	3.599999905	1.450000048	0.109999999	0.072500005	0.030449999
4002310	4000315	38	46	93.19999695	2.900000095	3.900000095	1.450000048	0.109999999	0.066700004	0.027550001
4002311	4000315	46	74	92.5	2.099999905	5.400000095	1.450000048	0.100000001	0.078300007	0.034800004
4002312	4000315	74	84	95.09999847	0.899999976	4	1.450000048	0.050000001	0.056550004	0.024650002
4002313	4000315	84	127	9.600000381	0.5	2.599999905	1.450000048	0.029999999	0.050750002	0.020300001
4002314	4000316	0	18	92.90000153	4.300000191	2.799999952	1.450000048	0.310000002	0.111649998	0.023200002
4002315	4000316	18	30	91.19999695	5.400000095	3.400000095	1.450000048	0.129999995	0.087000005	0.0261
4002316	4000316	30	61	94.19999695	2.799999952	3	1.450000048	0.079999998	0.078300007	0.024650002
4002317	4000316	61	94	94.19999695	2.200000048	3.599999905	1.450000048	0.059999999	0.085550003	0.027550001
4002318	4000316	94	112	94	3.200000048	2.799999952	1.450000048	0.039999999	0.047850002	0.024650002
4002319	4000316	112	135	88.40000153	5.900000095	5.699999809	1.450000048	0.039999999	0.071050003	0.030449999
4002320	4000316	135	178	95.5	2.200000048	2.299999952	1.450000048	0.02	0.066700004	0.0174
4002327	4000318	0	25	69.90000153	19.5	10.60000038	1.450000048	0.949999988	0.153700009	0.066700004
4002328	4000318	25	41	73.69999695	16.39999962	9.899999619	1.450000048	0.219999999	0.127600014	0.056550004
4002329	4000318	41	56	80.5	10	9.5	1.450000048	0.140000001	0.121799998	0.049300004
4002330	4000318	56	152	91.19999695	3	5.800000191	1.450000048	0.039999999	0.060899999	0.0261
4002331	4000319	0	18	68.19999695	17.89999962	13.89999962	1.450000048	1.529999971	0.353799999	0.107300006
4002332	4000319	18	46	71.19999695	16.20000076	12.60000038	1.450000048	0.550000012	0.263900012	0.098600008
4002333	4000319	46	69	71.09999847	10.30000019	18.60000038	1.450000048	0.140000001	0.271150023	0.153700009
4002334	4000319	69	84	76.90000153	8.5	14.60000038	1.450000048	0.100000001	0.229100004	0.145000011
4002335	4000319	84	122	82.69999695	5.900000095	11.39999962	1.450000048	0.07	0.224750012	0.130500004
4002343	4000320	3	8	80	10.10000038	9.899999619	1.450000048	1.200000048	0.278400034	0.107300006
4002344	4000320	8	20	76.80000305	10.39999962	12.80000019	1.450000048	0.779999971	0.292900026	0.104400001
4002345	4000320	20	43	69.30000305	8.699999809	22	1.450000048	0.409999996	0.33495003	0.200100005
4002346	4000320	43	63	62.20000076	9.199999809	28.60000038	1.450000048	0.280000001	0.388599992	0.237800002
4002347	4000320	63	122	69	8.300000191	22.70000076	1.450000048	0.189999998	0.332049996	0.205899999
4002349	4000321	0	4	70.80000305	24.70000076	4.5	1.450000048	1.889999986	0.366849989	0.050750002
4002350	4000321	4	28	64.19999695	27	8.800000191	1.450000048	0.720000029	0.23635	0.069600008
4002351	4000321	28	41	60.79999924	26.89999962	12.30000019	1.450000048	0.319999993	0.194299996	0.071050003
4002352	4000321	41	76	58.5	23.20000076	18.29999924	1.450000048	0.270000011	0.140650004	0.058000002
4002354	4000321	76	0	66	6.800000191	27.39999962	1.450000048	0.119999997	0.160950005	0.12470001
4002361	4000322	0	11	62.70000076	29.39999962	7.900000095	1.450000048	3.799999952	0.461100012	0.176899999
4002362	4000322	11	30	68.09999847	25.79999924	6.099999905	1.450000048	0.980000019	0.221850008	0.062350005
4002363	4000322	30	51	65.30000305	26.70000076	8	1.450000048	0.170000002	0.218950018	0.062350005
4002364	4000322	51	76	54.59999847	28.5	16.89999962	1.450000048	0.170000002	0.271150023	0.114550002
4002365	4000322	76	91	71.09999847	15.80000019	13.10000038	1.450000048	0.059999999	0.217500001	0.089900002
4002367	4000322	97	107	84.5	8.100000381	7.400000095	1.450000048	0.039999999	0.143549994	0.049300004
4002368	4000322	107	160	74.30000305	13.69999981	12	1.450000048	0.039999999	0.208800003	0.075400002
4002369	4000323	0	13	26.89999962	62.40000153	10.69999981	1.450000048	6.699999809	0.697449982	0.079750001
4002370	4000323	13	33	18.89999962	69.30000305	11.80000019	1.450000048	0.620000005	0.342200011	0.08845
4002371	4000323	33	53	15.89999962	62.79999924	21.29999924	1.450000048	0.310000002	0.332049996	0.133400008
4002372	4000323	53	79	38.29999924	46.59999847	15.10000038	1.450000048	0.100000001	0.284200013	0.12470001
4002373	4000323	79	160	58.5	26.70000076	14.80000019	1.450000048	0.059999999	0.145000011	0.062350005
4002381	4000324	1	3	71.5	25	3.5	1.450000048	3.539999962	0.284200013	0.040600002
4002383	4000324	4	28	70.09999847	25.10000038	4.800000191	1.450000048	0.560000002	0.166749999	0.042050004
4002384	4000324	28	46	66	27.39999962	6.599999905	1.450000048	0.170000002	0.160950005	0.040600002
4002385	4000324	46	63	69.59999847	21.70000076	8.699999809	1.450000048	0.119999997	0.107300006	0.053650003
4002386	4000324	63	81	83.30000305	10.30000019	6.400000095	1.450000048	0.079999998	0.081200004	0.039150003
4002387	4000324	81	137	94.40000153	1.799999952	3.799999952	1.450000048	0.039999999	0.062350005	0.020300001
4002389	4000325	0	4	71	25.5	3.5	1.450000048	2.599999905	0.208800003	0.053650003
4002390	4000325	4	36	63	29.89999962	7.099999905	1.450000048	0.639999986	0.205899999	0.060899999
4002391	4000325	36	61	61.90000153	27.20000076	10.89999962	1.450000048	0.200000003	0.176899999	0.065250002
4002392	4000325	61	81	78.40000153	13.60000038	8	1.450000048	0.119999997	0.076850004	0.044950001
4002393	4000325	81	168	87.19999695	8	4.800000191	1.450000048	0.039999999	0.072500005	0.030449999
4002402	4000326	8	10	75	21.20000076	3.799999952	1.450000048	1.019999981	0.201550007	0.069600008
4002403	4000326	10	33	79.69999695	16.10000038	4.199999809	1.450000048	0.280000001	0.163850009	0.029000001
4002404	4000326	33	61	75.59999847	15.69999981	8.699999809	1.450000048	0.200000003	0.13485001	0.050750002
4002406	4000326	76	117	93.19999695	3.200000048	3.599999905	1.450000048	0.039999999	0.065250002	0.021750001
4002411	4000327	5	33	73.09999847	23.20000076	3.700000048	1.450000048	0.800000012	0.247950017	0.036250003
4002412	4000327	33	48	70.19999695	24.89999962	4.900000095	1.450000048	0.159999996	0.150800005	0.024650002
4002413	4000327	48	53	67.09999847	26.10000038	6.800000191	1.450000048	0.109999999	0.160950005	0.033349998
4002414	4000327	53	71	61.59999847	22.5	15.89999962	1.450000048	0.159999996	0.189950019	0.079750001
4002415	4000327	71	81	75.40000153	12.10000038	12.5	1.450000048	0.079999998	0.139200017	0.102949999
4002416	4000327	81	97	93.30000305	2.900000095	3.799999952	1.450000048	-9.9	0.082649998	0.0174
4002417	4000327	97	109	82.5	14.30000019	3.200000048	1.450000048	0.039999999	0.130500004	0.020300001
4002418	4000328	0	18	78.59999847	17.70000076	4.099999905	1.450000048	1.379999995	0.232000008	0.0638
4002419	4000328	18	41	77.5	19.5	4.800000191	1.450000048	0.319999993	0.13775	0.029000001
4002420	4000328	41	48	71.90000153	16.5	8.600000381	1.450000048	0.189999998	0.1479	0.042050004
4002421	4000328	48	69	65.40000153	16.5	18.10000038	1.450000048	0.289999992	0.163850009	0.092800006
4002422	4000328	69	94	80.59999847	5.900000095	13.5	1.450000048	0.150000006	0.130500004	0.075400002
4002423	4000328	94	0	94.69999695	0.300000012	5	1.450000048	0.039999999	0.066700004	0.029000001
4002427	4000329	0	25	60.40000153	32.09999847	7.5	1.450000048	1.480000019	0.220400006	0.058000002
4002428	4000329	25	41	71.19999695	22.60000038	6.199999809	1.450000048	0.280000001	0.162400007	0.039150003
4002429	4000329	41	58	59.09999847	33.90000153	7	1.450000048	0.170000002	0.152250007	0.043500002
4002430	4000329	58	76	76.90000153	14.89999962	8.199999809	1.450000048	0.079999998	0.12470001	0.046400003
4002431	4000329	76	122	85	10.5	4.5	1.450000048	0.039999999	0.076850004	0.027550001
4002432	4000329	122	152	92.90000153	2.599999905	4.5	1.450000048	0.02	0.044950001	0.024650002
4002433	4000330	0	20	74.19999695	22.39999962	3.400000095	1.450000048	0.550000012	0.250849992	0.040600002
4002434	4000330	20	38	87.5	7.5	5	1.450000048	0.25999999	0.158050001	0.030449999
4002435	4000330	38	53	73.30000305	20.39999962	6.300000191	1.450000048	0.140000001	0.131950006	0.033349998
4002436	4000330	53	76	63.29999924	22.39999962	14.30000019	1.450000048	0.150000006	0.205899999	0.076850004
4002437	4000330	76	86	76.59999847	12.39999962	11	1.450000048	0.079999998	0.131950006	0.062350005
4002438	4000330	86	94	92.30000305	3.900000095	3.799999952	1.450000048	0.039999999	0.0638	0.023200002
4002441	4000331	15	28	72.69999695	20.79999924	6.5	1.450000048	0.560000002	0.146450013	0.042050004
4002442	4000331	28	43	68	23.10000038	8.899999619	1.450000048	0.280000001	0.142100006	0.046400003
4002443	4000331	43	79	68.09999847	23.10000038	8.800000191	1.450000048	0.100000001	0.13775	0.056550004
4002444	4000331	79	94	73.19999695	15.69999981	11.10000038	1.450000048	-9.9	0.107300006	0.056550004
4002445	4000331	94	117	81.59999847	12.60000038	5.800000191	1.450000048	0.039999999	0.087000005	0.030449999
4002449	4000332	0	8	67.5	26.29999924	6.199999809	1.450000048	1.370000005	0.239250004	0.058000002
4002450	4000332	8	30	65.80000305	27.20000076	7	1.450000048	0.519999981	0.214600012	0.043500002
4002451	4000332	30	58	62	28.60000038	9.399999619	1.450000048	0.159999996	0.178350002	0.047850002
4002452	4000332	58	84	56.29999924	27.20000076	16.5	1.450000048	0.170000002	0.216049999	0.089900002
4002453	4000332	84	94	73.09999847	17.79999924	9.100000381	1.450000048	0.079999998	0.1479	0.053650003
4002454	4000332	94	122	95.59999847	1.399999976	3	1.450000048	0.02	0.031900004	0.024650002
4002457	4000333	0	10	87.90000153	9.399999619	2.700000048	1.450000048	1	0.143549994	0.050750002
4002458	4000333	10	43	86.80000305	9.100000381	4.099999905	1.450000048	0.400000006	0.101500005	0.036250003
4002459	4000333	43	58	79.69999695	10.5	9.800000191	1.450000048	0.159999996	0.111649998	0.056550004
4002460	4000333	58	86	72.59999847	10.39999962	17	1.450000048	0.119999997	0.197200015	0.111649998
4002461	4000333	86	152	76.19999695	11.89999962	12.19999981	1.450000048	0.059999999	0.160950005	0.076850004
4002466	4000335	0	10	58.79999924	33.90000153	7.300000191	1.450000048	1.399999976	0.298700005	0.076850004
4002467	4000335	10	25	56.70000076	35.29999924	8	1.450000048	0.370000005	0.185600013	0.056550004
4002468	4000335	25	38	52.79999924	37	10.19999981	1.450000048	0.379999995	0.189950019	0.07395
4002469	4000335	38	56	45.79999924	33.40000153	15.89999962	1.450000048	0.25999999	0.169650003	0.118900001
4002470	4000335	56	69	65.90000153	3.200000048	30.89999962	1.450000048	0.059999999	0.201550007	0.17400001
4002480	4000336	20	33	50.40000153	38.09999847	11.5	1.450000048	0.239999995	0.160950005	0.058000002
4002481	4000336	33	43	49	32.09999847	18.89999962	1.450000048	0.180000007	0.189950019	0.098600008
4002482	4000336	43	183	66.59999847	4.699999809	28.70000076	1.450000048	0.079999998	0.166749999	0.142100006
4002498	4000339	0	13	66.19999695	26	7.800000191	1.450000048	2.579999924	0.427750021	0.126149997
4002499	4000339	13	36	68.40000153	23.39999962	8.199999809	1.450000048	0.300000012	0.194299996	0.053650003
4002500	4000339	36	53	67.69999695	21.79999924	10.5	1.450000048	0.150000006	0.205899999	0.056550004
4002501	4000339	53	86	64.90000153	13.80000019	21.29999924	1.450000048	0.129999995	0.234900013	0.120350011
4002502	4000339	86	104	74.80000305	9.5	15.69999981	1.450000048	0.039999999	0.192850009	0.08845
4002503	4000339	104	274	82.90000153	6.900000095	10.19999981	1.450000048	0.039999999	0.139200017	0.059450001
4002509	4000340	3	20	63.79999924	25.20000076	11	1.450000048	0.959999979	0.294349998	0.082649998
4002510	4000340	20	33	65	26.20000076	8.800000191	1.450000048	0.280000001	0.194299996	0.060899999
4002511	4000340	33	41	63.79999924	27.10000038	9.100000381	1.450000048	0.200000003	0.205899999	0.060899999
4002512	4000340	41	58	57.59999847	25.5	16.89999962	1.450000048	0.129999995	0.240700006	0.111649998
4002513	4000340	58	71	55.90000153	23.70000076	20.39999962	1.450000048	0.109999999	0.255200028	0.118900001
4002514	4000340	71	97	62.70000076	18.39999962	18.89999962	1.450000048	0.059999999	0.195750013	0.111649998
4002515	4000340	97	112	78.69999695	9.800000191	11.5	1.450000048	-9.9	0.097149998	0.068149999
4002517	4000341	0	10	54.5	33	12.5	1.450000048	2.279999971	0.381350011	0.163850009
4002518	4000341	10	25	53.70000076	33.59999847	12.69999981	1.450000048	1.440000057	0.285650015	0.104400001
4002519	4000341	25	41	55.5	31.89999962	12.60000038	1.450000048	0.49000001	0.268250018	0.087000005
4002520	4000341	41	69	47.20000076	28	24.79999924	1.450000048	0.200000003	0.324800014	0.159500003
4002521	4000341	69	84	52.20000076	25.79999924	22	1.450000048	0.129999995	0.269700021	0.089900002
4002522	4000341	84	99	76.30000305	11.30000019	12.39999962	1.450000048	0.039999999	0.168200016	0.082649998
4002523	4000341	99	183	88.59999847	5.699999809	5.699999809	1.450000048	0.039999999	0.098600008	0.046400003
4002528	4000342	0	8	31.89999962	57.70000076	10.39999962	1.450000048	5.199999809	0.474150032	0.13485001
4002529	4000342	8	33	33.5	55	11.5	1.450000048	0.939999998	0.327700019	0.075400002
4002530	4000342	33	41	27.29999924	60	12.69999981	1.450000048	0.280000001	0.298700005	0.076850004
4002531	4000342	41	51	20.89999962	59.70000076	19.39999962	1.450000048	0.25999999	0.326250017	0.110200003
4002532	4000342	51	63	17.20000076	59.59999847	23.20000076	1.450000048	0.239999995	0.317550004	0.143549994
4002533	4000342	63	74	38.20000076	45.59999847	16.20000076	1.450000048	0.200000003	0.203000009	0.095700003
4002534	4000342	74	102	79.30000305	9.100000381	11.60000038	1.450000048	0.109999999	0.166749999	0.071050003
4002544	4000344	0	3	18.89999962	66.80000305	14.30000019	1.450000048	1.100000024	0.330599993	0.092800006
4002545	4000344	25	30	13.5	66.30000305	20.20000076	1.450000048	0.400000006	0.336400032	0.120350011
4002546	4000344	30	53	13.5	56.40000153	30.10000038	1.450000048	0.230000004	0.353799999	0.166749999
4002547	4000344	53	69	21.79999924	59.40000153	18.79999924	1.450000048	0.109999999	0.301600009	0.129050002
4002548	4000344	69	86	40.40000153	46.59999847	13	1.450000048	0.039999999	0.171100006	0.091350004
4002549	4000344	86	102	53.5	24.79999924	21.70000076	1.450000048	0.039999999	0.116000004	0.104400001
4002557	4000346	0	23	25.79999924	61.79999924	12.39999962	1.450000048	1.220000029	0.330599993	0.133400008
4002558	4000346	23	30	19	64.40000153	16.60000038	1.450000048	0.439999998	0.300150007	0.071050003
4002559	4000346	30	48	17.79999924	58.20000076	24	1.450000048	0.25999999	0.336400032	0.075400002
4002561	4000346	56	71	30.79999924	53.79999924	15.39999962	1.450000048	0.050000001	0.2958	0.140650004
4002562	4000346	71	86	53.90000153	38	8.100000381	1.450000048	0.029999999	0.156600013	0.07395
4002570	4000348	0	25	31.60000038	55.5	12.89999962	1.450000048	1.019999981	0.2755	0.081200004
4002571	4000348	25	33	21.5	58.40000153	20.10000038	1.450000048	0.170000002	0.292900026	0.107300006
4002572	4000348	33	51	24.70000076	51.70000076	23.60000038	1.450000048	0.280000001	0.303050011	0.140650004
4002573	4000348	51	61	28.20000076	54.90000153	16.89999962	1.450000048	0.079999998	0.261000007	0.116000004
4002574	4000348	61	79	24.89999962	58.59999847	16.5	1.450000048	0.07	0.2755	0.117450006
4002575	4000348	79	99	75	20.89999962	4.099999905	1.450000048	0.02	0.107300006	0.033349998
4002579	4000349	0	10	89.80000305	7.800000191	2.400000095	1.450000048	1.340000033	0.263900012	0.058000002
4002580	4000349	10	43	87.90000153	7.900000095	4.199999809	1.450000048	0.370000005	0.142100006	0.049300004
4002581	4000349	43	66	84.19999695	13.19999981	2.599999905	1.450000048	0.079999998	0.111649998	0.030449999
4002582	4000349	66	91	79.40000153	5.900000095	14.69999981	1.450000048	0.119999997	0.182700008	0.117450006
4002583	4000349	91	152	84.40000153	5	10.60000038	1.450000048	0.039999999	0.13485001	0.091350004
4002586	4000350	0	13	78.90000153	19.60000038	1.5	1.450000048	1.159999967	0.324800014	0.049300004
4002587	4000350	13	58	75.59999847	19.5	4.900000095	1.450000048	0.460000008	0.24940002	0.044950001
4002588	4000350	58	79	69.30000305	21.10000038	9.600000381	1.450000048	0.129999995	0.17400001	0.065250002
4002589	4000350	79	99	79	13.5	7.5	1.450000048	0.059999999	0.153700009	0.044950001
4002590	4000350	99	117	94.59999847	3.900000095	1.5	1.450000048	-9.9	0.098600008	0.011600001
4002591	4000350	117	127	87.40000153	5.400000095	7.199999809	1.450000048	0.039999999	0.136299998	0.044950001
4002593	4000351	0	23	72.40000153	22.20000076	5.400000095	1.450000048	1.120000005	0.224750012	0.046400003
4002594	4000351	23	30	69.59999847	23.20000076	7.199999809	1.450000048	0.319999993	0.153700009	0.037700001
4002595	4000351	30	41	62.40000153	28.5	9.100000381	1.450000048	-9.9	0.172549993	0.046400003
4002596	4000351	41	56	56.70000076	30	13	1.450000048	0.230000004	0.195750013	0.071050003
4002597	4000351	56	69	73.5	15.60000038	10.89999962	1.450000048	0.150000006	0.130500004	0.060899999
4002598	4000351	69	91	91.59999847	3.900000095	4.5	1.450000048	0.039999999	0.130500004	0.024650002
4002599	4000352	0	10	87.59999847	8.399999619	4	1.450000048	2.059999943	0.159500003	0.072500005
4002600	4000352	10	66	90.69999695	5.900000095	3.400000095	1.450000048	0.25999999	0.08845	0.018850001
4002601	4000352	66	81	88.09999847	6.300000191	5.599999905	1.450000048	0.100000001	0.100050002	0.030449999
4002602	4000352	81	102	87.59999847	4.900000095	7.5	1.450000048	0.119999997	0.108750001	0.037700001
4002603	4000352	102	157	95.69999695	1.600000024	2.700000048	1.450000048	0.050000001	0.072500005	0.020300001
4002605	4000353	0	13	89.30000305	7.099999905	3.599999905	1.450000048	2.309999943	0.162400007	0.091350004
4002606	4000353	13	69	93.30000305	3.200000048	3.5	1.450000048	0.150000006	0.076850004	0.020300001
4002607	4000353	69	91	89.80000305	3.299999952	6.900000095	1.450000048	0.100000001	0.095700003	0.039150003
4002608	4000353	91	122	90.09999847	2.5	7.400000095	1.450000048	0.090000004	0.100050002	0.047850002
4002609	4000353	122	152	91.19999695	4.300000191	4.5	1.450000048	0.059999999	0.113100007	0.031900004
4002677	4000360	0	13	30.79999924	50.79999924	18.39999962	0.860000014	3.25	0.261440009	0.079980001
4002678	4000360	13	30	30.20000076	49.09999847	20.70000076	1.299999952	0.469999999	0.343199968	0.1118
4002679	4000360	30	46	26.79999924	51.70000076	21.5	1.379999995	0.170000002	0.402960002	0.133859992
4002680	4000360	46	56	21.60000038	57.59999847	20.79999924	1.419999957	0.109999999	0.447299987	0.139159992
4002681	4000360	56	71	26.10000038	56.09999847	17.79999924	1.429999948	0.079999998	0.421849996	0.124409996
4002682	4000360	71	89	25.20000076	55.90000153	18.89999962	1.690000057	0.039999999	0.449540019	0.14027001
4002683	4000360	89	119	52	37.70000076	10.30000019	1.799999952	0.079999998	0.340199977	0.129599988
4002684	4000360	119	130	49.79999924	39	11.19999981	1.789999962	0.079999998	0.336519986	0.127089992
4002685	4000360	130	190	27.39999962	64.5	8.100000381	1.690000057	0.079999998	0.375180036	0.08788
4002687	4000361	20	41	22	63.40000153	14.60000038	1.279999971	0.779999971	0.309760004	0.144639999
4002688	4000361	41	51	22.10000038	62.70000076	15.19999981	1.379999995	0.349999994	0.327060014	0.085559994
4002689	4000361	51	66	24.89999962	56.90000153	18.20000076	1.50999999	0.180000007	0.356360018	0.120799996
4002690	4000361	66	84	31.10000038	48.40000153	20.5	1.580000043	0.180000007	0.374460012	0.153260008
4002691	4000361	84	97	31.60000038	50.90000153	17.5	1.580000043	0.079999998	0.391840011	0.148519993
4002699	4000363	0	20	24.39999962	53.20000076	22.39999962	1.320000052	2	0.381480008	0.166320011
4002700	4000363	20	33	23.79999924	52.79999924	23.39999962	1.409999967	0.300000012	0.369419992	0.173429996
4002701	4000363	33	46	23.10000038	50.09999847	26.79999924	1.480000019	0.180000007	0.414400011	0.21164
4002702	4000363	46	56	22.39999962	49.59999847	28	1.539999962	0.129999995	0.415799975	0.227919996
4002703	4000363	56	71	21.79999924	51.90000153	26.29999924	1.440000057	0.140000001	0.390240014	0.207359999
4002704	4000363	71	94	16	57	27	1.539999962	0.059999999	0.457379997	0.22484
4002705	4000363	94	122	15.89999962	60.79999924	23.29999924	1.700000048	0.079999998	0.498100013	0.221000001
4002706	4000364	0	20	38.59999847	47.09999847	14.30000019	1.450000048	0.879999995	0.285650015	0.087000005
4002707	4000364	20	36	29.39999962	50.70000076	19.89999962	1.450000048	0.230000004	0.30884999	0.120350011
4002708	4000364	36	58	19.60000038	57.20000076	23.20000076	1.450000048	0.079999998	0.355250001	0.140650004
4002709	4000364	58	69	46.20000076	36.20000076	17.60000038	1.450000048	0.059999999	0.274049997	0.094250001
4002721	4000366	0	18	27	53	20	1.450000048	1.929999948	0.384250015	0.13775
4002722	4000366	18	30	31.5	47.90000153	20.60000038	1.450000048	0.360000014	0.337850004	0.131950006
4002723	4000366	30	48	31.39999962	41.5	27.10000038	1.450000048	0.200000003	0.337850004	0.169650003
4002724	4000366	48	71	32.29999924	36.90000153	30.79999924	1.450000048	0.100000001	0.342200011	0.191400006
4002725	4000366	71	89	34.40000153	36.70000076	28.89999962	1.450000048	0.079999998	0.359600008	0.200100005
4002726	4000366	89	104	33	37.79999924	29.20000076	1.450000048	0.039999999	0.36105001	0.205899999
4002727	4000366	104	147	40.59999847	24	35.40000153	1.450000048	0.059999999	0.343650013	0.226200014
4002730	4000367	0	5	26.5	60.09999847	13.39999962	1.450000048	3.150000095	0.44659999	0.097149998
4002731	4000367	5	25	23.70000076	61.59999847	14.69999981	1.450000048	0.769999981	0.379900038	0.084100008
4002732	4000367	25	38	29.29999924	55.09999847	15.60000038	1.450000048	0.389999986	0.355250001	0.102949999
4002733	4000367	38	51	32.90000153	46.40000153	20.70000076	1.450000048	0.270000011	0.320450008	0.13485001
4002734	4000367	51	76	36	49.40000153	14.60000038	1.450000048	0.159999996	0.359600008	0.232000008
4002735	4000367	76	91	59.59999847	18.60000038	21.79999924	1.450000048	0.079999998	0.23635	0.142100006
4002736	4000368	0	23	43	41.29999924	15.69999981	1.460000038	1.110000014	0.318280011	0.102200001
4002737	4000368	23	33	34.29999924	45.5	20.20000076	1.580000043	0.140000001	0.330220014	0.143780008
4002738	4000368	33	53	41.40000153	39.90000153	18.70000076	1.629999995	0.039999999	0.335779995	0.13691999
4002739	4000368	53	61	27.29999924	50.29999924	22.39999962	1.50999999	0.059999999	0.360890001	0.141939998
4002740	4000368	61	84	58.20000076	24.70000076	17.10000038	1.269999981	0.02	0.279399991	0.110489994
4002843	4000380	0	18	44.20000076	41.70000076	14.10000038	1.399999976	1.25	0.313600004	0.102200001
4002844	4000380	18	33	44.59999847	40.70000076	14.69999981	1.5	0.189999998	0.32099998	0.114
4002845	4000380	33	51	52.29999924	35.59999847	12.10000038	1.570000052	0.119999997	0.30144003	0.10676001
4002846	4000380	51	71	68.80000305	25.10000038	6.099999905	1.659999967	0.059999999	0.222439989	0.074699998
4002890	4000385	0	8	39	45.79999924	15.19999981	1.450000048	2.109999895	0.350900024	0.091350004
4002891	4000385	8	25	38.09999847	45.90000153	16	1.450000048	0.839999974	0.387150019	0.101500005
4002892	4000385	25	41	35.70000076	47.40000153	16.89999962	1.450000048	0.200000003	0.311750025	0.087000005
4002893	4000385	41	48	31.79999924	46.90000153	21.29999924	1.450000048	0.119999997	0.329150021	0.117450006
4002894	4000385	48	69	27.89999962	47.90000153	24.20000076	1.450000048	0.059999999	0.346550018	0.142100006
4002895	4000385	69	89	25.5	52	22.5	1.450000048	0.02	0.359600008	0.13485001
4002896	4000385	89	102	25.10000038	52.09999847	22.79999924	1.450000048	0.039999999	0.363950014	0.111649998
4002897	4000385	102	0	29.60000038	45.70000076	24.70000076	1.450000048	0.02	0.314650029	0.13485001
4002919	4000388	0	10	32.5	48.40000153	19.10000038	0.819999993	5.900000095	0.297659993	0.116439998
4002920	4000388	10	25	36.20000076	47.90000153	15.89999962	1.269999981	0.870000005	0.309879988	0.101599999
4002921	4000388	25	36	36.20000076	45.70000076	18.10000038	1.440000057	0.469999999	0.318240017	0.126720011
4002922	4000388	36	48	34	44.59999847	21.39999962	1.360000014	0.360000014	0.291040003	0.134639993
4002923	4000388	48	61	34.79999924	43.79999924	21.39999962	1.49000001	0.159999996	0.329290003	0.150490001
4002924	4000388	61	76	35.29999924	43.59999847	21.10000038	1.450000048	0.140000001	0.317550004	0.142100006
4002925	4000388	76	102	51.5	33	15.5	1.450000048	0.119999997	0.274049997	0.121799998
4002937	4000390	0	8	28.79999924	55.90000153	15.30000019	0.889999986	3.980000019	0.24831	0.068529993
4002938	4000390	8	20	28.20000076	56	15.80000019	1.080000043	0.970000029	0.262439996	0.056159999
4002939	4000390	20	28	27	56.79999924	16.20000076	1.289999962	0.5	0.300569981	0.069660001
4002940	4000390	28	41	29.20000076	53.5	17.29999924	1.409999967	0.25999999	0.320069999	0.083190002
4002941	4000390	41	61	32.40000153	48.09999847	19.5	1.5	0.150000006	0.341999978	0.109500006
4002942	4000390	61	76	31.39999962	47.70000076	20.89999962	1.580000043	0.039999999	0.339700013	0.154840007
4002970	4000394	0	18	45	46.20000076	8.800000191	1.450000048	4.849999905	0.458200008	0.168200016
4002971	4000394	18	25	50.79999924	43.29999924	5.900000095	1.450000048	1.980000019	0.356700003	0.114550002
4002972	4000394	25	36	60.29999924	36.20000076	3.5	1.450000048	0.670000017	0.284200013	0.07395
4002973	4000394	36	51	46.59999847	46.5	6.900000095	1.450000048	0.25999999	0.319000006	0.058000002
4002974	4000394	51	69	38.09999847	51.70000076	10.19999981	1.450000048	0.140000001	0.288549989	0.065250002
4002975	4000394	69	102	26.89999962	63.5	9.100000381	1.450000048	0.059999999	0.324800014	0.065250002
4002976	4000394	102	127	28.79999924	56.40000153	14.80000019	1.450000048	0.090000004	0.326250017	0.092800006
4002977	4000395	0	10	29.70000076	59.5	10.80000019	1.450000048	4.690000057	0.490099996	0.142100006
4002978	4000395	10	20	32.09999847	58.90000153	9	1.450000048	2.599999905	0.458200008	0.105850004
4002979	4000395	20	36	32.90000153	59.59999847	7.5	1.450000048	1.700000048	0.4727	0.108750001
4002980	4000395	36	53	33.40000153	58.70000076	7.900000095	1.450000048	0.939999998	0.474150032	0.084100008
4002981	4000395	53	81	30.29999924	55.40000153	14.30000019	1.450000048	0.100000001	0.300150007	0.069600008
4002982	4000395	81	102	28.79999924	55.90000153	15.30000019	1.450000048	0.129999995	0.310299993	0.079750001
4002985	4000396	3	8	33.90000153	61.5	4.599999905	1.450000048	1.789999962	0.369750023	0.071050003
4002986	4000396	8	23	39.5	55.70000076	4.800000191	1.450000048	4.5	0.430650026	0.18705
4002987	4000396	23	48	42	54.29999924	3.700000048	1.450000048	1.24000001	0.327700019	0.072500005
4002988	4000396	48	81	41	53.20000076	5.800000191	1.450000048	0.25	0.287099987	0.046400003
4002989	4000396	81	102	39.29999924	52.59999847	8.100000381	1.450000048	0.159999996	0.28275001	0.062350005
4003001	4000399	0	8	36.59999847	40.29999924	23.10000038	1.450000048	7.599999905	0.598850012	0.216049999
4003002	4000399	8	13	51.20000076	38.5	10.30000019	1.450000048	0.920000017	0.398750007	0.079750001
4003003	4000399	13	20	25.39999962	51.40000153	23.20000076	1.450000048	3.200000048	0.51910001	0.205899999
4003004	4000399	20	48	47.40000153	23.60000038	29	1.450000048	1.5	0.366849989	0.117450006
4003005	4000399	48	66	34.90000153	48.90000153	16.20000076	1.450000048	0.270000011	0.343650013	0.104400001
4003006	4000399	66	109	27.39999962	52.29999924	20.29999924	1.450000048	0.170000002	0.346550018	0.113100007
4003007	4000399	109	135	42	33.59999847	24.39999962	1.450000048	0.170000002	0.350900024	0.162400007
4003008	4000399	135	160	46.09999847	24.70000076	29.20000076	1.450000048	0.219999999	0.375550002	0.197200015
4003009	4000399	160	193	47.59999847	32.90000153	19.5	1.450000048	0.119999997	0.307400018	0.142100006
4003074	4000409	0	20	20.29999924	51.20000076	28.5	1.450000048	0.579999983	0.59740001	0.224750012
4003075	4000409	20	38	35.09999847	50.70000076	14.19999981	1.450000048	0.629999995	0.33495003	0.082649998
4003076	4000409	38	69	29.60000038	44.59999847	25.79999924	1.450000048	0.270000011	0.320450008	0.139200017
4003077	4000409	69	97	29.79999924	48.20000076	22	1.450000048	0.150000006	0.398750007	0.129050002
4003078	4000409	97	127	34.20000076	44.70000076	21.10000038	1.450000048	0.079999998	0.320450008	0.120350011
4003079	4000409	127	147	34.20000076	44.70000076	21.10000038	1.450000048	0.090000004	0.2755	0.116000004
4003080	4000410	0	25	34.29999924	49.40000153	16.29999924	1.450000048	3.230000019	0.44659999	0.150800005
4003081	4000410	25	36	39.59999847	45.29999924	15.10000038	1.450000048	0.270000011	0.250849992	0.071050003
4003082	4000410	36	56	33.29999924	42.5	24.20000076	1.450000048	0.159999996	0.28275001	0.140650004
4003083	4000410	56	81	34.09999847	42.79999924	23.10000038	1.450000048	0.129999995	0.287099987	0.142100006
4003084	4000410	81	109	35.40000153	42.40000153	22.20000076	1.450000048	0.079999998	0.285650015	0.127600014
4003085	4000410	109	137	38.29999924	43.09999847	18.60000038	1.450000048	0.119999997	0.247950017	0.104400001
4003086	4000411	0	8	15.80000019	52.90000153	31.29999924	1.450000048	0.899999976	0.752550066	0.330599993
4003087	4000411	8	23	30.5	44.59999847	24.89999962	1.450000048	2.589999914	0.421950012	0.200100005
4003088	4000411	23	30	42.70000076	39.09999847	18.20000076	1.450000048	0.25	0.256650031	0.091350004
4003089	4000411	30	56	38.29999924	38.59999847	23.10000038	1.450000048	0.159999996	0.274049997	0.129050002
4003090	4000411	56	76	35.90000153	38.09999847	26	1.450000048	0.100000001	0.294349998	0.158050001
4003091	4000411	76	99	35.29999924	39.29999924	25.39999962	1.450000048	0.100000001	0.292900026	0.152250007
4003092	4000411	99	122	34.29999924	39.90000153	25.79999924	1.450000048	0.109999999	0.300150007	0.150800005
4003093	4000411	122	142	33.79999924	39.90000153	26.29999924	1.450000048	0.100000001	0.272599995	0.145000011
4003118	4000416	0	13	51.59999847	42.20000076	6.199999809	1.450000048	4.110000134	0.423400015	0.131950006
4003119	4000416	13	15	49.5	45.40000153	5.099999905	1.450000048	0.879999995	0.346550018	0.052200001
4003120	4000416	15	28	65.69999695	27.70000076	6.599999905	1.450000048	1.610000014	0.372650027	0.155149996
4003121	4000416	28	38	62.59999847	35.09999847	2.299999952	1.450000048	0.319999993	0.207350016	0.050750002
4003122	4000416	38	48	48.29999924	50.29999924	1.399999976	1.450000048	0.180000007	0.252299994	0.036250003
4003123	4000416	48	81	45.79999924	51.79999924	2.400000095	1.450000048	0.07	0.23345001	0.021750001
4003154	4000422	0	20	28.20000076	55.29999924	16.5	1.24000001	2.24000001	0.410439998	0.119040005
4003155	4000422	20	28	29.70000076	58.29999924	12	1.440000057	0.839999974	0.388800025	0.10368
4003156	4000422	28	41	31	56.20000076	12.80000019	1.580000043	0.340000004	0.298620015	0.102700002
4003157	4000422	41	48	28.20000076	55.5	16.29999924	1.659999967	0.25	0.315400004	0.122840002
4003158	4000422	48	69	47.5	44.20000076	8.300000191	1.700000048	0.140000001	0.283900023	0.079899997
4003159	4000422	69	91	44.40000153	45.20000076	10.39999962	1.779999971	0.119999997	0.270559996	0.072979994
4003160	4000422	91	119	36.09999847	51	12.89999962	1.919999957	0.079999998	0.289920002	0.076799996
4003161	4000422	119	152	38	49.29999924	12.69999981	1.860000014	0.100000001	0.286439985	0.07626
4003163	4000423	0	25	22.70000076	63.79999924	13.5	1.100000024	3.160000086	0.439999998	0.116600007
4003164	4000423	25	41	22.29999924	66.19999695	11.5	1.24000001	1.480000019	0.417879999	0.089279994
4003165	4000423	41	53	31.39999962	58.5	10.10000038	1.679999948	0.25999999	0.324239969	0.06216
4003166	4000423	53	81	23.60000038	64.30000305	12.10000038	1.75999999	0.189999998	0.343199998	0.066880003
4003167	4000423	81	102	16.89999962	67.5	15.60000038	1.74000001	0.140000001	0.349739999	0.093960002
4003168	4000423	102	122	16.39999962	69	14.60000038	1.75999999	0.100000001	0.341439992	0.072159998
4003169	4000423	122	152	20.5	65.19999695	14.30000019	1.779999971	0.100000001	0.343539983	0.069420002
4003174	4000424	0	20	78.19999695	18.29999924	3.5	1.450000048	0.899999976	0.13485001	0.043500002
4003175	4000424	20	33	74.5	22.29999924	3.200000048	1.450000048	0.449999988	0.150800005	0.043500002
4003176	4000424	33	61	77.80000305	19.5	2.700000048	1.450000048	0.270000011	0.120350011	0.034800004
4003177	4000424	61	74	83.30000305	15.39999962	1.299999952	1.450000048	0.159999996	0.060899999	0.046400003
4003178	4000424	74	104	93.19999695	6	0.800000012	1.450000048	0.059999999	0.030449999	0.01015
4003182	4000425	0	20	76.5	20.20000076	3.299999952	1.450000048	0.810000002	0.13775	0.043500002
4003183	4000425	20	36	77.59999847	19.79999924	2.599999905	1.450000048	0.270000011	0.149350002	0.031900004
4003184	4000425	36	53	83.80000305	14.39999962	1.799999952	1.450000048	0.140000001	0.110200003	0.020300001
4003185	4000425	53	63	88.30000305	10	1.700000048	1.450000048	0.07	0.078300007	0.015950002
4003186	4000425	63	112	96.5	2.599999905	0.899999976	1.450000048	0.029999999	0.0261	0.01015
4003187	4000425	112	142	90.5	9	0.5	1.450000048	0.02	0.034800004	0.01305
4003236	4000431	0	20	71.59999847	23.5	4.900000095	1.450000048	2.109999895	0.18705	0.084100008
4003237	4000431	20	28	72.30000305	23.60000038	4.099999905	1.450000048	0.769999981	0.163850009	0.050750002
4003238	4000431	28	38	80.09999847	17.60000038	2.299999952	1.450000048	0.349999994	0.101500005	0.033349998
4003239	4000431	38	46	81.30000305	16.5	2.200000048	1.450000048	0.219999999	0.097149998	0.027550001
4003240	4000431	46	61	78.19999695	19.89999962	1.899999976	1.450000048	0.159999996	0.127600014	0.023200002
4003241	4000431	61	76	67.59999847	28.39999962	4	1.450000048	0.119999997	0.200100005	0.027550001
4003242	4000431	76	91	67.19999695	25.39999962	7.400000095	1.450000048	0.059999999	0.159500003	0.031900004
4003243	4000432	0	20	67	25.79999924	7.199999809	1.450000048	3.140000105	0.265349984	0.116000004
4003244	4000432	20	33	67.40000153	25.60000038	7	1.450000048	0.360000014	0.153700009	0.053650003
4003245	4000432	33	48	67.30000305	26.79999924	5.900000095	1.450000048	0.239999995	0.172549993	0.039150003
4003246	4000432	48	66	64.19999695	29.10000038	6.699999809	1.450000048	0.209999993	0.17400001	0.040600002
4003247	4000432	66	94	70.69999695	25.39999962	3.900000095	1.450000048	0.219999999	0.149350002	0.024650002
4003264	4000435	0	20	81.5	14.39999962	4.099999905	1.450000048	0.970000029	0.149350002	0.050750002
4003265	4000435	20	36	82.40000153	13.39999962	4.199999809	1.450000048	0.300000012	0.121799998	0.040600002
4003266	4000435	36	61	97.19999695	1.399999976	1.399999976	1.450000048	0.07	0.047850002	0.018850001
4003267	4000435	61	0	98.5	0.899999976	0.600000024	1.450000048	0.029999999	0.021750001	0.011600001
4003274	4000437	18	38	61	36.79999924	2.200000048	1.450000048	1	0.175450012	0.055100001
4003275	4000437	38	58	63.20000076	34.79999924	2	1.450000048	0.689999998	0.1479	0.043500002
4003276	4000437	58	86	65.69999695	32.20000076	2.099999905	1.450000048	0.660000026	0.136299998	0.040600002
4003277	4000437	86	107	75.19999695	23.5	1.299999952	1.450000048	0.059999999	0.078300007	0.008700001
4003280	4000438	25	43	60.70000076	35.59999847	3.700000048	1.450000048	1.25	0.23345001	0.069600008
4003281	4000438	43	63	69.09999847	28.39999962	2.5	1.450000048	0.649999976	0.146450013	0.046400003
4003282	4000438	63	84	63.59999847	34.09999847	2.299999952	1.450000048	0.289999992	0.131950006	0.030449999
4003283	4000438	84	119	78	21.10000038	0.899999976	1.450000048	0.079999998	0.068149999	0.008700001
4003284	4000439	0	18	38.5	47.79999924	13.69999981	1.320000052	2.170000076	0.234960005	0.124080002
4003285	4000439	18	30	33.79999924	53.40000153	12.80000019	1.419999957	0.600000024	0.326599985	0.085199997
4003286	4000439	30	48	40.79999924	46.5	12.69999981	1.570000052	0.300000012	0.306150019	0.089489996
4003287	4000439	48	66	47.59999847	43	9.399999619	1.669999957	0.209999993	0.263859987	0.07181
4003288	4000439	66	81	52.40000153	40.29999924	7.300000191	1.659999967	0.119999997	0.242359996	0.059759997
4003289	4000439	81	112	47.90000153	42.70000076	9.399999619	1.809999943	0.180000007	0.257019997	0.077830002
4003290	4000439	112	140	47.29999924	40.5	12.19999981	1.870000005	0.100000001	0.297329992	0.0748
4003291	4000440	0	23	46.90000153	41.70000076	11.39999962	1.419999957	1.700000048	0.312399983	0.088039994
4003292	4000440	23	36	60.70000076	33.29999924	6	1.779999971	0.360000014	0.222499996	0.0623
4003293	4000440	36	48	58.5	34.40000153	7.099999905	1.860000014	0.25	0.230639994	0.06696
4003294	4000440	48	66	59.29999924	32.40000153	8.300000191	1.779999971	0.200000003	0.245639995	0.078319997
4003295	4000440	66	79	75.09999847	19.10000038	5.800000191	1.75999999	0.270000011	0.205919996	0.065119997
4003296	4000440	79	112	47.79999924	43.90000153	8.300000191	1.620000005	0.119999997	0.275400013	0.064800002
4003297	4000440	112	157	40.20000076	49.40000153	10.39999962	1.870000005	0.100000001	0.306679994	0.078539997
4003325	4000445	0	30	48.70000076	38.70000076	12.60000038	1.450000048	2.430000067	0.327700019	0.127600014
4003326	4000445	30	46	48.59999847	42.79999924	8.600000381	1.450000048	1.200000048	0.285650015	0.104400001
4003328	4000445	46	58	49.90000153	35.5	14.60000038	1.450000048	0.25	0.290000021	0.105850004
4003329	4000445	58	66	48.90000153	35.5	15.60000038	1.450000048	0.280000001	0.240700006	0.111649998
4003330	4000445	66	84	45.09999847	36	18.89999962	1.450000048	0.100000001	0.214600012	0.098600008
4003331	4000445	84	0	44.20000076	36.5	19.29999924	1.450000048	0.129999995	0.229100004	0.116000004
4003332	4000446	0	25	54.59999847	39	6.400000095	1.450000048	1.029999971	0.211700007	0.059450001
4003333	4000446	25	43	56.79999924	39.90000153	3.299999952	1.450000048	0.239999995	0.200100005	0.046400003
4003334	4000446	43	61	75.5	22.10000038	2.400000095	1.450000048	0.119999997	0.113100007	0.029000001
4003335	4000446	61	79	83.59999847	14	2.400000095	1.450000048	0.079999998	0.071050003	0.021750001
4003365	4000450	0	18	54.20000076	36.5	9.300000191	1.440000057	2.089999914	0.316799998	0.097920008
4003366	4000450	18	28	54.90000153	35.20000076	9.899999619	1.720000029	0.360000014	0.280359983	0.075680003
4003367	4000450	28	53	51.59999847	35.09999847	13.30000019	1.820000052	0.209999993	0.23842001	0.098280005
4003368	4000450	53	86	56	33.09999847	10.89999962	1.799999952	0.129999995	0.223199993	0.081
4003369	4000450	86	122	49	41	10	1.679999948	0.100000001	0.225119993	0.073919997
4003370	4000450	122	170	50.90000153	30.29999924	18.79999924	1.74000001	0.079999998	0.259259999	0.069600001
4003372	4000451	0	13	61.79999924	30.60000038	7.599999905	1.450000048	4.050000191	0.362500012	0.131950006
4003373	4000451	13	25	65.19999695	32.09999847	2.700000048	1.450000048	0.419999987	0.189950019	0.039150003
4003374	4000451	25	61	67.09999847	30.20000076	2.700000048	1.450000048	0.059999999	0.146450013	0.024650002
4003375	4000451	61	69	83.40000153	14.39999962	2.200000048	1.450000048	0.059999999	0.08845	0.021750001
4003376	4000451	69	99	85.59999847	12	2.400000095	1.450000048	0.039999999	0.085550003	0.023200002
4003377	4000451	99	132	84.40000153	14.19999981	1.399999976	1.450000048	0.02	0.071050003	0.011600001
4003378	4000452	0	20	27.60000038	50.5	21.89999962	1.169999957	2.690000057	0.405990005	0.131039992
4003379	4000452	20	38	27.70000076	49.40000153	22.89999962	1.679999948	0.400000006	0.30911997	0.12935999
4003380	4000452	38	56	27.10000038	49.90000153	23	1.889999986	0.270000011	0.298620015	0.151199996
4003381	4000452	56	89	26.10000038	48.79999924	25.10000038	1.860000014	0.170000002	0.303179979	0.163680002
4003382	4000452	97	119	24	50.5	25.5	1.820000052	0.140000001	0.318500012	0.151060015
4003383	4000452	119	152	24.29999924	50.29999924	25.39999962	1.820000052	0.129999995	0.323960006	0.154700011
4003385	4000453	0	18	31.70000076	53.20000076	15.10000038	1.210000038	1.840000033	0.428340018	0.093170002
4003386	4000453	18	38	20.29999924	60.20000076	19.5	1.789999962	0.289999992	0.331149995	0.130669996
4003387	4000453	38	61	21.20000076	59.90000153	18.89999962	1.679999948	0.189999998	0.317519993	0.102479994
4003388	4000453	61	81	17	63.5	19.5	1.75999999	0.150000006	0.348479986	0.107359998
4003389	4000453	81	104	27.39999962	52.29999924	20.29999924	1.840000033	0.119999997	0.310959995	0.117760003
4003390	4000453	104	130	27.39999962	51.79999924	20.79999924	1.860000014	0.100000001	0.316199988	0.117180005
4003393	4000454	0	20	70.40000153	25.5	4.099999905	1.450000048	1.99000001	0.218950018	0.060899999
4003394	4000454	20	41	47.90000153	45.70000076	6.400000095	1.450000048	0.680000007	0.276950002	0.069600008
4003395	4000454	41	53	46.70000076	47.20000076	6.099999905	1.450000048	0.370000005	0.263900012	0.060899999
4003396	4000454	53	69	67	31.10000038	1.899999976	1.450000048	0.200000003	0.146450013	0.029000001
4003397	4000454	69	86	79.30000305	19	1.700000048	1.450000048	0.340000004	0.131950006	0.037700001
4003398	4000454	86	97	90.30000305	8.800000191	0.899999976	1.450000048	0.200000003	0.047850002	0.0174
4003401	4000455	0	10	50.09999847	38	11.89999962	0.839999974	6.539999962	0.391439974	0.135240003
4003402	4000455	10	25	51.59999847	37.5	10.89999962	0.939999998	3.140000105	0.364719987	0.090240002
4003403	4000455	25	46	57.29999924	33.59999847	9.100000381	1.159999967	1.639999986	0.361919999	0.082359999
4003408	4000456	0	3	63.59999847	29.5	6.900000095	0.879999995	5.820000172	0.205919996	0.119680002
4003409	4000456	3	13	62.70000076	30.70000076	6.599999905	0.939999998	3.460000038	0.25661999	0.105279997
4003410	4000456	13	28	65	29.39999962	5.599999905	1.059999943	1.980000019	0.227899984	0.095399998
4003419	4000458	25	51	60.90000153	34.09999847	5	1.450000048	0.49000001	0.246500015	0.065250002
4003420	4000458	51	74	67	28.60000038	4.400000095	1.450000048	0.239999995	0.211700007	0.042050004
4003421	4000458	74	91	69.5	26.10000038	4.400000095	1.450000048	0.150000006	0.207350016	0.040600002
4003422	4000458	91	107	76.69999695	20.70000076	2.599999905	1.450000048	0.02	0.140650004	0.031900004
4003501	4000469	0	18	77.30000305	20.70000076	2	1.450000048	2.289999962	0.194299996	0.071050003
4003502	4000469	18	25	78	20.60000038	1.399999976	1.450000048	0.730000019	0.131950006	0.049300004
4003503	4000469	25	46	78	20.10000038	1.899999976	1.450000048	0.49000001	0.114550002	0.037700001
4003504	4000469	46	61	74.69999695	23.79999924	1.5	1.450000048	0.300000012	0.158050001	0.020300001
4003505	4000469	61	71	74.59999847	23.79999924	1.600000024	1.450000048	0.159999996	0.152250007	0.01305
4003506	4000469	71	91	76.40000153	22	1.600000024	1.450000048	0.07	0.142100006	0.01305
4003507	4000469	91	112	76.80000305	21.39999962	1.799999952	1.450000048	0.039999999	0.133400008	0.011600001
4003525	4000472	0	23	62.59999847	35.79999924	1.600000024	1.450000048	1.559999943	0.23635	0.075400002
4003526	4000472	0	33	70.30000305	28.89999962	0.800000012	1.450000048	0.379999995	0.279850006	0.042050004
4003527	4000472	33	61	60.09999847	39	0.899999976	1.450000048	0.319999993	0.208800003	0.031900004
4003528	4000472	61	79	73.80000305	25.70000076	0.5	1.450000048	0.140000001	0.23345001	0.0174
4003529	4000472	79	97	79.19999695	20.20000076	0.600000024	1.450000048	0.109999999	0.143549994	0.015950002
4003530	4000472	97	124	81.59999847	17.79999924	0.600000024	1.450000048	0.079999998	0.224750012	0.015950002
4003531	4000472	124	160	68.40000153	30.79999924	0.800000012	1.450000048	0.059999999	0.245049998	0.015950002
4003533	4000473	0	20	52.20000076	45.79999924	2	1.450000048	1.730000019	0.455300003	0.087000005
4003534	4000473	20	36	40.09999847	58.90000153	1	1.450000048	0.419999987	0.440800011	0.055100001
4003535	4000473	36	51	43.40000153	55.90000153	0.699999988	1.450000048	0.349999994	0.442250013	0.043500002
4003536	4000473	51	76	52.09999847	47.20000076	0.699999988	1.450000048	0.170000002	0.355250001	0.029000001
4003537	4000473	76	119	59	40.29999924	0.699999988	1.450000048	0.079999998	0.24940002	0.0261
4003538	4000473	119	190	91.19999695	8.399999619	0.400000006	1.450000048	0.02	0.092800006	0.0145
4003540	4000474	0	20	81.90000153	16.10000038	2	1.450000048	1.620000005	0.271150023	0.069600008
4003541	4000474	20	30	88.69999695	10.69999981	0.600000024	1.450000048	0.270000011	0.110200003	0.034800004
4003542	4000474	30	43	90.5	9	0.5	1.450000048	0.209999993	0.072500005	0.020300001
4003559	4000477	0	8	47.59999847	39.29999924	13.10000038	1.450000048	2.700000048	0.474150032	0.191400006
4003560	4000477	8	15	47.29999924	39.79999924	12.89999962	1.450000048	2.019999981	0.358150035	0.118900001
4003561	4000477	15	28	53.20000076	35.70000076	11.10000038	1.450000048	1.210000038	0.362500012	0.113100007
4003562	4000477	28	43	68.40000153	23.20000076	8.399999619	1.450000048	0.25999999	0.17400001	0.055100001
4003563	4000477	43	61	19.39999962	48.70000076	31.89999962	1.450000048	0.159999996	0.292900026	0.105850004
4003564	4000477	61	79	3.599999905	50.79999924	45.59999847	1.450000048	0.140000001	0.355250001	0.143549994
4003565	4000477	79	94	2.5	55.29999924	42.20000076	1.450000048	0.129999995	0.40745002	0.095700003
4003607	4000483	20	28	47	47.09999847	5.900000095	1.450000048	1.600000024	0.355250001	0.069600008
4003608	4000483	28	46	52.09999847	44.09999847	3.799999952	1.450000048	0.75	0.284200013	0.047850002
4003609	4000483	46	53	62.40000153	34.79999924	2.799999952	1.450000048	0.159999996	0.176899999	0.024650002
4003610	4000483	53	71	52.59999847	41	6.400000095	1.450000048	0.100000001	0.216049999	0.046400003
4003611	4000483	71	94	54.59999847	38.59999847	6.800000191	1.450000048	0.090000004	0.220400006	0.044950001
4003612	4000483	94	117	52.40000153	41.59999847	6	1.450000048	0.090000004	0.23635	0.047850002
4003620	4000485	0	18	45.40000153	47.5	7.099999905	0.939999998	4.300000191	0.447439998	0.121259995
4003621	4000485	18	23	45.09999847	50.79999924	4.099999905	0.980000019	2.390000105	0.405720025	0.092119999
4003622	4000485	23	43	46.70000076	49.5	3.799999952	1.129999995	1.120000005	0.355949998	0.059890002
4003623	4000485	43	58	41.59999847	48.59999847	9.800000191	1.919999957	0.119999997	0.261119992	0.078719996
4003624	4000485	58	74	35.29999924	47.79999924	16.89999962	1.730000019	0.100000001	0.280260026	0.119370006
4003625	4000485	74	112	36.40000153	47.70000076	15.89999962	1.879999995	0.079999998	0.274480015	0.124079995
4003626	4000485	112	152	39.20000076	47.79999924	13	1.809999943	0.07	0.282359987	0.104979999
4003627	4000486	0	15	45.79999924	47	7.199999809	1.080000043	4.010000229	0.416880012	0.111240007
4003628	4000486	15	30	47.79999924	45.20000076	7	1.340000033	1.320000052	0.329640001	0.213060006
4003629	4000486	30	46	48.59999847	44.90000153	6.5	1.720000029	0.579999983	0.276920021	0.087719999
4003630	4000486	46	66	50.40000153	42.09999847	7.5	1.75999999	0.310000002	0.263999999	0.086240001
4003631	4000486	66	104	41.79999924	48.40000153	9.800000191	1.860000014	0.230000004	0.269699991	0.089280002
4003632	4000486	104	152	46.29999924	44.5	8.199999809	1.860000014	-9.9	0.277139992	0.07626
4003633	4000487	0	15	56.09999847	40.09999847	3.799999952	1.279999971	1.960000038	0.373760015	0.084479995
4003634	4000487	15	30	54.79999924	41.5	3.700000048	1.190000057	1.379999995	0.359380037	0.06188
4003635	4000487	30	46	55.09999847	41.79999924	3.099999905	1.159999967	1.059999943	0.354959995	0.053359997
4003636	4000487	46	56	76.19999695	21.89999962	1.899999976	1.220000029	0.879999995	0.230580002	0.046360001
4003637	4000487	56	69	66.09999847	31.89999962	2	0.899999976	0.870000005	0.249300003	0.038699999
4003638	4000487	69	89	81.40000153	16.60000038	2	1.120000005	0.569999993	0.227359995	0.029119998
4003639	4000487	89	109	74.19999695	23.20000076	2.599999905	1.070000052	0.800000012	0.329560012	0.034240004
4003640	4000487	109	135	86.40000153	11.80000019	1.799999952	1.309999943	0.349999994	0.186019987	0.028819999
4003641	4000487	135	152	86.30000305	11.69999981	2	1.279999971	0.389999986	0.261119992	0.023039998
4003642	4000488	0	18	56.70000076	40.09999847	3.200000048	1.279999971	2.140000105	0.258560002	0.079359993
4003643	4000488	18	30	54.90000153	42	3.099999905	1.299999952	1.639999986	0.217100009	0.066299997
4003645	4000488	36	56	68.40000153	29.60000038	2	1.360000014	0.680000007	0.133280009	0.034000002
4003646	4000488	56	76	62.29999924	37.40000153	0.300000012	1.379999995	0.180000007	0.064859994	0.01932
4003647	4000488	76	86	59.29999924	38.09999847	2.599999905	1.480000019	1.179999948	0.266400009	0.051800001
4003648	4000488	86	114	87.80000305	11.89999962	0.300000012	1.379999995	0.209999993	0.074519999	0.01794
4003649	4000488	114	160	87.90000153	11.80000019	0.300000012	1.320000052	0.150000006	0.063360006	0.015840001
4003650	4000488	160	178	81.69999695	18.10000038	0.200000003	1.379999995	0.140000001	0.100740001	0.01932
4003666	4000491	0	18	60.90000153	32.09999847	7	1.200000048	3.210000038	0.390000015	0.124799997
4003668	4000491	30	46	64.5	27.5	8	1.970000029	0.02	0.195029989	0.063040003
4003671	4000491	81	102	69.69999695	23.10000038	7.199999809	1.940000057	0.02	0.190120012	0.058200002
4003672	4000491	102	127	66.80000305	24.10000038	9.100000381	1.980000019	0.029999999	0.217800006	0.073260002
4003673	4000491	127	155	68.30000305	22.60000038	9.100000381	1.980000019	0.029999999	0.213840008	0.065339997
4003704	4000496	0	23	52.5	37	10.5	1.450000048	2.059999943	0.379900038	0.097149998
4003705	4000496	23	28	45.29999924	42.29999924	12.39999962	1.450000048	1.210000038	0.355250001	0.094250001
4003706	4000496	28	38	39.90000153	46.70000076	13.39999962	1.450000048	0.49000001	0.343650013	0.101500005
4003707	4000496	38	46	42.59999847	45.5	11.89999962	1.450000048	0.300000012	0.294349998	0.114550002
4003708	4000496	46	56	28.39999962	47.59999847	24	1.450000048	0.109999999	0.271150023	0.087000005
4003709	4000496	56	76	10.80000019	47.40000153	41.79999924	1.450000048	0.129999995	0.356700003	0.194299996
4003710	4000496	76	97	7.199999809	44.70000076	48.09999847	1.450000048	0.119999997	0.3741	0.237800002
4003711	4000496	97	114	6.599999905	46.90000153	46.5	1.450000048	0.119999997	0.395850003	0.237800002
4003713	4000497	0	18	72.09999847	23.79999924	4.099999905	1.029999971	3.420000076	0.381099999	0.087549999
4003714	4000497	18	23	71.80000305	26	2.200000048	1.120000005	2.519999981	0.315840006	0.067199998
4003715	4000497	23	28	71.09999847	25.70000076	3.200000048	0.819999993	3.519999981	0.4551	0.072979994
4003716	4000497	28	43	73.40000153	24.20000076	2.400000095	0.810000002	2.380000114	0.426059991	0.05184
4003717	4000497	43	51	72.69999695	25.5	1.799999952	1.039999962	1.279999971	0.306799978	0.036399998
4003718	4000497	51	74	78	20.70000076	1.299999952	1.74000001	0.140000001	0.18096	0.0174
4003719	4000497	74	102	77.5	21.60000038	0.899999976	1.860000014	0.039999999	0.111600004	0.01302
4003728	4000499	0	23	4.400000095	86.09999847	9.5	1.149999976	2.160000086	0.457699984	0.117299996
4003729	4000499	23	38	2.299999952	88.40000153	9.300000191	1.190000057	0.610000014	0.478380024	0.070210002
4003730	4000499	38	48	2.5	87.09999847	10.39999962	1.399999976	0.379999995	0.429800004	0.072799996
4003731	4000499	48	63	12	82.5	5.5	1.519999981	0.07	0.387600005	0.063839994
4003732	4000499	63	84	26.29999924	69.5	4.199999809	1.539999962	0.119999997	0.355740011	0.0539
4003733	4000499	84	10	43.59999847	53.40000153	3	1.620000005	0.119999997	0.349920005	0.050219998
4003735	4000500	0	30	11	80.19999695	8.800000191	1.24000001	1.769999981	0.472439975	0.102920003
4003737	4000500	36	46	6.5	84.40000153	9.100000381	1.159999967	1.00999999	0.495319992	0.070759997
4003738	4000500	46	56	9.600000381	81.40000153	9	1.179999948	0.550000012	0.446039975	0.062540002
4003739	4000500	56	66	6.900000095	82	11.10000038	1.24000001	0.460000008	0.452600002	0.06696
4003740	4000500	66	79	7.800000191	82	10.19999981	1.399999976	0.349999994	0.425599992	0.07
4003741	4000500	79	102	16.29999924	79	4.699999809	1.49000001	0.170000002	0.382930011	0.06109
