Date	Air Temp Max(ºC)	Air Temp Min(ºC)	Air Temp Avg(ºC)	WindSp (km/day)	
1/1/2006	30.0	19.0	22.3	227	
1/2/2006	28.0	19.0	21.7	218	
1/3/2006	30.0	17.0	22.9	253	
1/4/2006	28.0	19.0	22.3	209	
1/5/2006	28.0	18.0	21.1	218	
1/6/2006	23.0	17.0	18.6	262	
1/7/2006	29.0	16.0	21.2	227	
1/8/2006	30.0	12.0	21.4	164	
1/9/2006	33.0	15.0	24.0	231	
1/10/2006	30.0	16.0	21.7	222	
1/11/2006	29.0	18.0	21.9	213	
1/12/2006	34.0	15.0	23.7	240	
1/13/2006	32.0	17.0	22.2	187	
1/14/2006	30.0	16.0	19.5	196	
1/15/2006	27.0	16.0	19.9	213	
1/16/2006	29.0	15.0	20.5	200	
1/17/2006	26.0	18.0	20.8	116	
1/18/2006	28.0	17.0	20.8	191	
1/19/2006	25.0	16.0	19.3	231	
1/20/2006	29.0	17.0	22.8	213	
1/21/2006	31.0	16.0	23.7	218	
1/22/2006	31.0	16.0	23.3	169	
1/23/2006	32.0	16.0	24.2	187	
1/24/2006	32.0	18.0	23.9	182	
1/25/2006	28.0	18.0	21.8	187	
1/26/2006	25.0	19.0	20.9	156	
1/27/2006	27.0	18.0	19.4	151	
1/28/2006	27.0	16.0	20.9	147	
1/29/2006	29.0	17.0	21.8	142	
1/30/2006	31.0	17.0	20.8	124	
1/31/2006	29.0	17.0	21.6	178	
2/1/2006	28.0	18.0	22.2	191	
2/2/2006	25.0	17.0	19.8	196	
2/3/2006	24.0	15.0	19.4	196	
2/4/2006	28.0	17.0	21.7	129	
2/5/2006	29.0	18.0	23.2	231	
2/6/2006	30.0	15.0	21.7	182	
2/7/2006	30.0	14.0	22.4	209	
2/8/2006	30.0	14.0	22.7	182	
2/9/2006	32.0	15.0	23.1	147	
2/10/2006	32.0	15.0	23.7	164	
2/11/2006	33.0	16.0	24.7	160	
2/12/2006	31.0	19.0	23.2	138	
2/13/2006	30.0	16.0	22.5	120	
2/14/2006	30.0	17.0	21.4	151	
2/15/2006	27.0	19.0	21.1	142	
2/16/2006	25.0	18.0	20.3	187	
2/17/2006	29.0	18.0	22.6	231	
2/18/2006	28.0	17.0	21.8	138	
2/19/2006	28.0	18.0	20.7	111	
2/20/2006	28.0	17.0	20.6	156	
2/21/2006	27.0	17.0	20.1	182	
2/22/2006	26.0	17.0	20.1	169	
2/23/2006	25.0	18.0	20.1	213	
2/24/2006	22.0	15.0	17.9	178	
2/25/2006	25.0	15.0	20.1	116	
2/26/2006	28.0	13.0	21.1	200	
2/27/2006	27.0	15.0	20.2	200	
2/28/2006	28.0	16.0	21.4	160	
3/1/2006	30.0	14.0	20.8	160	
3/2/2006	30.0	11.0	21.0	169	
3/3/2006	30.0	11.0	21.1	151	
3/4/2006	32.0	15.0	22.4	156	
3/5/2006	26.0	16.0	20.7	307	
3/6/2006	23.0	16.0	19.0	351	
3/7/2006	24.0	14.0	18.4	253	
3/8/2006	27.0	14.0	19.3	191	
3/9/2006	30.0	15.0	21.6	182	
3/10/2006	30.0	15.0	21.9	129	
3/11/2006	30.0	18.0	22.8	147	
3/12/2006	28.0	17.0	21.0	129	
3/13/2006	25.0	14.0	18.8	209	
3/14/2006	28.0	16.0	20.2	156	
3/15/2006	28.0	17.0	21.4	124	
3/16/2006	29.0	18.0	20.7	124	
3/17/2006	27.0	17.0	20.1	182	
3/18/2006	28.0	16.0	21.2	209	
3/19/2006	28.0	16.0	19.6	178	
3/20/2006	28.0	15.0	18.8	151	
3/21/2006	28.0	16.0	20.1	151	
3/22/2006	27.0	17.0	20.2	191	
3/23/2006	25.0	16.0	20.2	160	
3/24/2006	23.0	17.0	19.3	191	
3/25/2006	27.0	17.0	21.2	147	
3/26/2006	27.0	17.0	20.1	160	
3/27/2006	29.0	16.0	21.1	129	
3/28/2006	29.0	13.0	20.7	116	
3/29/2006	29.0	12.0	19.7	151	
3/30/2006	27.0	15.0	20.2	191	
3/31/2006	28.0	15.0	21.3	196	
4/1/2006	28.0	16.0	22.1	209	
4/2/2006	25.0	14.0	19.3	182	
4/3/2006	28.0	13.0	20.2	182	
4/4/2006	28.0	14.0	20.1	200	
4/5/2006	27.0	12.0	19.3	187	
4/6/2006	27.0	12.0	19.3	204	
4/7/2006	26.0	16.0	20.4	164	
4/8/2006	29.0	16.0	21.3	156	
4/9/2006	29.0	14.0	20.6	196	
4/10/2006	29.0	10.0	19.3	147	
4/11/2006	29.0	13.0	20.1	133	
4/12/2006	28.0	17.0	21.6	173	
4/13/2006	27.0	14.0	19.9	218	
4/14/2006	25.0	16.0	19.6	116	
4/15/2006	29.0	17.0	22.0	240	
4/16/2006	22.0	16.0	18.4	93	
4/17/2006	22.0	15.0	17.6	178	
4/18/2006	17.0	14.0	15.5	98	
4/19/2006	26.0	16.0	19.3	213	
4/20/2006	23.0	16.0	19.1	289	
4/21/2006	25.0	11.0	18.1	240	
4/22/2006	24.0	10.0	15.4	164	
4/23/2006	26.0	7.0	14.6	107	
4/24/2006	26.0	7.0	16.6	236	
4/25/2006	26.0	11.0	18.7	227	
4/26/2006	27.0	13.0	19.6	204	
4/27/2006	27.0	12.0	19.1	253	
4/28/2006	27.0	11.0	18.8	191	
4/29/2006	27.0	13.0	17.6	222	
4/30/2006	24.0	12.0	15.8	209	
5/1/2006	26.0	10.0	16.9	147	
5/2/2006	27.0	10.0	17.4	120	
5/3/2006	28.0	8.0	17.2	178	
5/4/2006	27.0	5.0	16.7	133	
5/5/2006	27.0	12.0	17.2	191	
5/6/2006	29.0	7.0	16.7	142	
5/7/2006	29.0	8.0	17.5	173	
5/8/2006	28.0	8.0	17.4	147	
5/9/2006	27.0	8.0	16.4	160	
5/10/2006	26.0	5.0	14.8	151	
5/11/2006	26.0	6.0	15.5	178	
5/12/2006	26.0	5.0	16.1	178	
5/13/2006	26.0	8.0	17.7	169	
5/14/2006	26.0	8.0	15.7	124	
5/15/2006	25.0	6.0	15.1	178	
5/16/2006	27.0	5.0	13.9	138	
5/17/2006	27.0	6.0	15.2	129	
5/18/2006	25.0	6.0	14.7	191	
5/19/2006	25.0	5.0	14.0	227	
5/20/2006	18.0	4.0	11.3	276	
5/21/2006	19.0	1.0	8.9	196	
5/22/2006	20.0	2.0	10.0	289	
5/23/2006	23.0	2.0	11.7	209	
5/24/2006	25.0	0	12.3	187	
5/25/2006	24.0	5.0	14.1	271	
5/26/2006	27.0	3.0	16.2	191	
5/27/2006	28.0	3.0	15.5	156	
5/28/2006	29.0	3.0	15.7	156	
5/29/2006	29.0	2.0	16.1	222	
5/30/2006	28.0	5.0	17.2	236	
5/31/2006	27.0	9.0	17.5	236	
6/1/2006	26.0	6.0	15.2	164	
6/2/2006	26.0	2.0	14.8	178	
6/3/2006	25.0	2.0	14.4	271	
6/4/2006	25.0	7.0	15.8	324	
6/5/2006	24.0	6.0	15.1	311	
6/6/2006	24.0	5.0	14.2	302	
6/7/2006	25.0	6.0	16.1	307	
6/8/2006	24.0	7.0	16.8	204	
6/9/2006	25.0	3.0	13.9	218	
6/10/2006	26.0	3.0	15.2	173	
6/11/2006	27.0	6.0	15.9	298	
6/12/2006	25.0	4.0	13.8	187	
6/13/2006	28.0	5.0	18.2	236	
6/14/2006	28.0	3.0	15.0	173	
6/15/2006	28.0	5.0	15.6	178	
6/16/2006	29.0	3.0	16.2	129	
6/17/2006	28.0	4.0	16.6	138	
6/18/2006	29.0	7.0	18.1	187	
6/19/2006	26.0	8.0	16.7	231	
6/20/2006	24.0	9.0	15.1	289	
6/21/2006	25.0	8.0	15.6	218	
6/22/2006	25.0	1.0	13.7	142	
6/23/2006	24.0	5.0	13.8	280	
6/24/2006	25.0	7.0	14.6	271	
6/25/2006	24.0	5.0	14.4	227	
6/26/2006	25.0	5.0	16.4	302	
6/27/2006	26.0	10.0	17.6	342	
6/28/2006	25.0	4.0	14.2	142	
6/29/2006	24.0	4.0	13.2	244	
6/30/2006	22.0	6.0	13.4	298	
7/1/2006	23.0	6.0	14.1	182	
7/2/2006	25.0	2.0	14.1	147	
7/3/2006	27.0	2.0	14.6	164	
7/4/2006	28.0	6.0	19.2	227	
7/5/2006	27.0	5.0	17.1	240	
7/6/2006	27.0	4.0	16.4	227	
7/7/2006	28.0	4.0	17.4	191	
7/8/2006	28.0	8.0	17.6	236	
7/9/2006	27.0	5.0	16.4	267	
7/10/2006	25.0	9.0	16.2	280	
7/11/2006	23.0	4.0	15.6	289	
7/12/2006	24.0	6.0	15.6	262	
7/13/2006	25.0	4.0	15.3	222	
7/14/2006	27.0	2.0	15.3	200	
7/15/2006	26.0	4.0	15.4	236	
7/16/2006	27.0	6.0	16.7	267	
7/17/2006	28.0	4.0	16.4	258	
7/18/2006	29.0	3.0	17.6	191	
7/19/2006	28.0	6.0	17.6	244	
7/20/2006	27.0	10.0	20.1	324	
7/21/2006	27.0	5.0	15.1	187	
7/22/2006	26.0	0	12.2	173	
7/23/2006	25.0	0	12.7	253	
7/24/2006	26.0	3.0	13.4	187	
7/25/2006	28.0	1.0	15.8	213	
7/26/2006	30.0	5.0	18.8	231	
7/27/2006	29.0	8.0	19.0	262	
7/28/2006	25.0	7.0	15.9	289	
7/29/2006	24.0	6.0	15.0	262	
7/30/2006	25.0	7.0	15.8	262	
7/31/2006	27.0	4.0	15.6	222	
8/1/2006	20.0	2.0	9.9	262	
8/2/2006	23.0	-1.0	10.0	160	
8/3/2006	26.0	0	12.8	160	
8/4/2006	27.0	0	14.7	178	
8/5/2006	28.0	6.0	16.4	196	
8/6/2006	29.0	2.0	16.2	178	
8/7/2006	29.0	4.0	17.1	204	
8/8/2006	29.0	4.0	16.9	156	
8/9/2006	29.0	3.0	15.9	218	
8/10/2006	29.0	6.0	17.4	200	
8/11/2006	29.0	7.0	18.2	196	
8/12/2006	29.0	8.0	18.3	213	
8/13/2006	28.0	6.0	17.9	222	
8/14/2006	30.0	5.0	17.6	213	
8/15/2006	28.0	0	13.9	187	
8/16/2006	26.0	3.0	13.5	298	
8/17/2006	27.0	5.0	15.9	262	
8/18/2006	28.0	7.0	17.0	187	
8/19/2006	29.0	3.0	17.1	129	
8/20/2006	31.0	8.0	19.6	178	
8/21/2006	28.0	7.0	19.1	244	
8/22/2006	27.0	1.0	13.6	200	
8/23/2006	29.0	0	14.4	222	
8/24/2006	26.0	2.0	14.0	213	
8/25/2006	29.0	4.0	16.8	173	
8/26/2006	31.0	5.0	18.1	169	
8/27/2006	31.0	6.0	18.5	151	
8/28/2006	31.0	7.0	19.3	164	
8/29/2006	31.0	9.0	20.5	182	
8/30/2006	32.0	9.0	21.2	320	
8/31/2006	29.0	14.0	20.7	236	
9/1/2006	29.0	13.0	20.8	253	
9/2/2006	29.0	14.0	21.2	209	
9/3/2006	30.0	13.0	21.6	187	
9/4/2006	31.0	9.0	19.9	227	
9/5/2006	31.0	11.0	22.1	240	
9/6/2006	31.0	11.0	22.1	240	
9/7/2006	31.0	11.0	22.1	240	
9/8/2006	26.0	15.0	19.7	249	
9/9/2006	28.0	11.0	20.1	302	
9/10/2006	30.0	9.0	21.0	191	
9/11/2006	32.0	10.0	21.6	160	
9/12/2006	32.0	10.0	22.3	196	
9/13/2006	34.0	13.0	23.2	151	
9/14/2006	34.0	15.0	23.9	236	
9/15/2006	34.0	11.0	21.7	244	
9/16/2006	31.0	11.0	19.9	227	
9/17/2006	31.0	7.0	18.2	276	
9/18/2006	31.0	7.0	18.6	244	
9/19/2006	31.0	11.0	20.4	249	
9/20/2006	32.0	10.0	21.6	227	
9/21/2006	33.0	12.0	22.7	267	
9/22/2006	32.0	15.0	23.3	262	
9/23/2006	33.0	13.0	23.4	200	
9/24/2006	33.0	10.0	23.0	213	
9/25/2006	34.0	11.0	22.8	182	
9/26/2006	34.0	10.0	22.6	244	
9/27/2006	33.0	10.0	21.6	204	
9/28/2006	33.0	14.0	23.2	347	
9/29/2006	33.0	15.0	23.7	253	
9/30/2006	30.0	15.0	22.2	249	
10/1/2006	31.0	13.0	22.1	280	
10/2/2006	29.0	8.0	18.2	307	
10/3/2006	28.0	3.0	15.8	200	
10/4/2006	32.0	6.0	17.0	253	
10/5/2006	34.0	19.0	28.8	298	
10/6/2006	31.0	15.0	24.1	169	
10/7/2006	33.0	16.0	23.3	307	
10/8/2006	31.0	16.0	22.9	298	
10/9/2006	32.0	15.0	21.8	267	
10/10/2006	32.0	15.0	21.8	267	
10/11/2006	30.0	15.0	22.2	236	
10/12/2006	30.0	15.0	22.3	244	
10/13/2006	32.0	13.0	22.3	191	
10/14/2006	33.0	18.0	24.4	311	
10/15/2006	32.0	17.0	23.3	253	
10/16/2006	31.0	15.0	22.3	271	
10/17/2006	32.0	16.0	23.1	173	
10/18/2006	35.0	16.0	24.3	196	
10/19/2006	35.0	17.0	25.8	178	
10/20/2006	32.0	18.0	22.2	222	
10/21/2006	26.0	17.0	21.0	182	
10/22/2006	33.0	16.0	24.3	249	
10/23/2006	34.0	14.0	24.9	222	
10/24/2006	32.0	18.0	24.9	307	
10/25/2006	32.0	17.0	23.1	347	
10/26/2006	37.0	15.0	24.8	218	
10/27/2006	34.0	19.0	25.0	142	
10/28/2006	31.0	18.0	23.6	280	
10/29/2006	31.0	16.0	19.8	173	
10/30/2006	32.0	16.0	23.1	191	
10/31/2006	29.0	15.0	21.6	111	
11/1/2006	30.0	16.0	23.1	213	
11/2/2006	30.0	13.0	21.2	204	
11/3/2006	32.0	9.0	21.2	169	
11/4/2006	34.0	10.0	22.8	142	
11/5/2006	35.0	11.0	25.0	196	
11/6/2006	35.0	13.0	24.7	302	
11/7/2006	32.0	17.0	23.9	271	
11/8/2006	31.0	16.0	22.9	285	
11/9/2006	31.0	16.0	23.6	191	
11/10/2006	34.0	16.0	25.0	164	
11/11/2006	36.0	14.0	26.7	151	
11/12/2006	35.0	15.0	25.9	267	
11/13/2006	33.0	11.0	23.2	227	
11/14/2006	35.0	9.0	22.7	249	
11/15/2006	34.0	10.0	21.9	258	
11/16/2006	34.0	11.0	21.9	298	
11/17/2006	35.0	11.0	22.9	244	
11/18/2006	34.0	10.0	23.5	191	
11/19/2006	34.0	17.0	24.2	204	
11/20/2006	33.0	19.0	23.6	151	
11/21/2006	31.0	18.0	22.4	147	
11/22/2006	30.0	18.0	21.7	187	
11/23/2006	33.0	16.0	24.4	271	
11/24/2006	35.0	14.0	25.2	218	
11/25/2006	35.0	13.0	22.5	213	
11/26/2006	32.0	17.0	23.8	209	
11/27/2006	32.0	17.0	24.1	240	
11/28/2006	33.0	18.0	24.6	240	
11/29/2006	33.0	18.0	24.6	240	
11/30/2006	33.0	18.0	24.6	240	
12/1/2006	33.0	18.0	24.6	240	
12/2/2006	33.0	18.0	24.6	240	
12/3/2006	35.0	19.0	28.8	387	
12/4/2006	35.0	13.0	25.2	178	
12/5/2006	38.0	20.0	30.3	209	
12/6/2006	36.0	17.0	25.6	285	
12/7/2006	36.0	15.0	24.1	182	
12/8/2006	33.0	16.0	24.6	187	
12/9/2006	34.0	15.0	24.3	227	
12/10/2006	36.0	12.0	24.8	204	
12/11/2006	36.0	12.0	25.3	227	
12/12/2006	34.0	16.0	24.4	182	
12/13/2006	35.0	15.0	25.7	236	
12/14/2006	35.0	15.0	22.7	236	
6/26/2008	25.0	12.0	18.2	302	
6/27/2008	25.0	12.0	18.2	302	
6/28/2008	25.0	10.0	17.3	222	
6/29/2008	25.0	8.0	14.8	249	
6/30/2008	25.0	8.0	14.6	316	
7/1/2008	26.0	4.0	19.3	289	
7/2/2008	26.0	5.0	14.7	187	
7/3/2008					
7/4/2008					
7/5/2008					
7/6/2008					
7/7/2008					
7/8/2008					
7/9/2008					
7/10/2008					
7/11/2008					
7/12/2008					
7/13/2008					
7/14/2008					
7/15/2008	26.0	13.0	20.0	209	
7/16/2008	17.0	5.0	9.6	102	
7/17/2008	17.0	5.0	9.6	102	
7/18/2008	25.0	10.0	18.7	222	
7/19/2008	24.0	7.0	15.1	253	
7/20/2008	25.0	8.0	15.9	249	
7/21/2008	26.0	8.0	16.7	240	
7/22/2008	26.0	9.0	18.0	285	
7/23/2008	22.0	10.0	14.0	280	
7/23/2010	24.0	14.0	17.6	71	
7/24/2010	27.0	10.0	20.6	151	
7/25/2010	27.0	12.0	21.4	173	
7/26/2010	28.0	17.0	22.9	222	
7/27/2010	27.0	17.0	20.5	244	
7/28/2010	25.0	10.0	18.1	253	
7/29/2010	27.0	12.0	20.1	147	
7/30/2010	27.0	9.0	19.9	151	
7/31/2010	27.0	9.0	18.4	138	
8/1/2010	27.0	9.0	18.4	164	
8/2/2010	26.0	10.0	20.1	236	
8/3/2010	27.0	12.0	18.7	231	
8/4/2010	27.0	10.0	19.1	200	
8/5/2010	29.0	6.0	18.7	102	
8/6/2010	32.0	9.0	21.5	107	
8/7/2010	32.0	10.0	21.9	156	
8/8/2010	31.0	10.0	21.7	120	
8/9/2010	31.0	15.0	24.2	240	
8/10/2010	26.0	11.0	18.5	289	
8/11/2010	7.0	2.0	4.5	222	
8/12/2010					
8/13/2010					
8/14/2010					
8/15/2010					
8/16/2010					
8/17/2010					
8/18/2010					
8/19/2010					
8/20/2010					
8/21/2010					
8/22/2010					
8/23/2010					
8/24/2010					
8/25/2010	33.0	14.0	24.8	164	
8/26/2010	33.0	14.0	24.8	164	
8/27/2010	32.0	18.0	25.8	169	
8/28/2010	31.0	14.0	25.5	236	
8/29/2010	32.0	11.0	24.3	204	
8/30/2010	31.0	12.0	22.6	164	
8/31/2010	32.0	11.0	21.8	156	
9/1/2010	32.0	13.0	23.0	124	
9/2/2010	32.0	11.0	22.1	138	
9/3/2010	33.0	12.0	23.8	133	
9/4/2010	34.0	12.0	24.8	138	
9/5/2010	35.0	15.0	28.7	133	
9/6/2010	35.0	16.0	29.5	191	
9/7/2010	35.0	16.0	29.5	191	
9/8/2010	33.0	15.0	23.0	316	
9/9/2010	14.0	11.0	12.2	80	
9/10/2010	32.0	19.0	26.3	204	
9/11/2010	33.0	16.0	25.7	258	
9/12/2010	32.0	18.0	25.6	316	
9/13/2010	32.0	16.0	24.3	213	
9/14/2010	32.0	14.0	24.3	124	
9/15/2010	34.0	15.0	25.0	138	
9/16/2010	35.0	13.0	24.6	182	
9/17/2010	35.0	15.0	24.5	200	
9/18/2010	34.0	15.0	24.8	240	
9/19/2010	31.0	12.0	20.0	236	
9/20/2010	25.0	8.0	15.1	289	
9/21/2010	29.0	0	15.9	142	
9/22/2010	34.0	11.0	24.5	196	
9/23/2010	36.0	10.0	25.2	182	
9/24/2010	36.0	10.0	24.2	151	
9/25/2010	36.0	13.0	23.7	187	
9/26/2010	35.0	12.0	21.2	173	
9/27/2010	34.0	11.0	23.4	236	
9/28/2010	30.0	18.0	23.7	200	
9/29/2010	35.0	21.0	28.1	271	
9/30/2010	34.0	22.0	27.9	285	
10/1/2010	35.0	17.0	27.8	191	
10/2/2010	35.0	22.0	29.4	164	
10/3/2010	35.0	22.0	29.4	164	
10/4/2010	37.0	23.0	31.6	187	
10/5/2010	38.0	21.0	30.3	231	
10/6/2010	38.0	17.0	27.9	222	
10/7/2010	37.0	14.0	29.0	164	
10/8/2010	36.0	17.0	28.2	196	
10/9/2010	38.0	16.0	27.0	209	
10/10/2010	35.0	14.0	24.3	289	
10/11/2010	36.0	13.0	24.9	236	
10/12/2010	36.0	13.0	24.1	276	
10/13/2010	32.0	13.0	22.0	276	
10/14/2010	31.0	11.0	21.7	267	
10/15/2010	33.0	7.0	21.4	169	
10/16/2010	35.0	12.0	24.3	187	
10/17/2010	36.0	13.0	25.9	191	
10/18/2010	37.0	13.0	26.2	200	
10/19/2010	37.0	14.0	27.5	231	
10/20/2010	38.0	15.0	26.9	222	
10/21/2010	36.0	16.0	25.1	253	
10/22/2010	32.0	14.0	22.2	298	
10/23/2010	32.0	13.0	22.4	200	
10/24/2010	32.0	12.0	21.9	213	
10/25/2010	33.0	10.0	22.1	204	
10/26/2010	35.0	15.0	24.7	240	
10/27/2010	35.0	18.0	24.7	253	
10/28/2010	37.0	18.0	29.0	116	
10/29/2010	37.0	18.0	29.0	116	
10/30/2010	37.0	19.0	28.2	187	
10/31/2010	36.0	24.0	29.6	249	
11/1/2010	37.0	27.0	32.7	280	
11/2/2010	36.0	15.0	29.6	298	
11/3/2010	33.0	14.0	25.1	253	
11/4/2010	32.0	15.0	23.5	320	
11/5/2010	32.0	15.0	23.5	320	
11/6/2010	34.0	16.0	25.8	240	
11/7/2010	34.0	16.0	25.8	240	
11/8/2010	34.0	16.0	25.8	240	
11/9/2010	34.0	16.0	25.8	240	
11/10/2010	34.0	16.0	25.8	240	
11/11/2010	34.0	16.0	25.8	240	
11/12/2010	34.0	16.0	25.8	240	
11/13/2010	34.0	16.0	25.8	240	
11/14/2010	34.0	16.0	25.8	240	
11/15/2010	25.0	20.0	22.7	156	
11/16/2010					
11/17/2010					
11/18/2010					
11/19/2010					
11/20/2010					
11/21/2010					
11/22/2010					
11/23/2010					
11/24/2010					
11/25/2010					
11/26/2010					
11/27/2010					
11/28/2010					
11/29/2010					
11/30/2010					
12/1/2010					
12/2/2010					
12/3/2010					
12/4/2010					
12/5/2010					
12/6/2010					
12/7/2010					
12/8/2010					
12/9/2010					
12/10/2010					
12/11/2010					
12/12/2010					
12/13/2010					
12/14/2010	28.0	21.0	24.3	151	
12/15/2010	31.0	15.0	23.8	209	
12/16/2010	33.0	11.0	19.9	262	
12/17/2010	32.0	14.0	24.3	244	
12/18/2010	34.0	14.0	25.6	200	
12/19/2010	35.0	15.0	26.7	209	
12/20/2010	38.0	16.0	27.4	169	
12/21/2010	36.0	14.0	25.6	204	
12/22/2010	36.0	14.0	25.1	213	
12/23/2010	36.0	22.0	30.6	365	
12/24/2010	35.0	16.0	24.9	227	
12/25/2010	36.0	16.0	25.9	240	
12/26/2010	37.0	15.0	26.6	173	
12/27/2010	34.0	20.0	24.8	196	
12/28/2010	35.0	18.0	24.7	187	
12/29/2010	27.0	16.0	21.1	173	
12/30/2010	27.0	19.0	21.8	156	
12/31/2010	26.0	18.0	21.1	138	
1/1/2011	28.0	19.0	23.2	142	
1/2/2011	28.0	17.0	21.3	116	
1/3/2011	27.0	19.0	21.7	124	
1/4/2011	29.0	19.0	22.9	227	
1/5/2011	26.0	18.0	20.8	164	
1/6/2011	33.0	20.0	24.6	187	
1/7/2011	25.0	18.0	20.7	196	
1/8/2011	25.0	18.0	20.7	196	
1/9/2011	25.0	18.0	20.7	196	
1/10/2011	25.0	18.0	20.7	196	
1/11/2011	22.0	21.0	21.2	147	
1/12/2011	32.0	17.0	23.7	156	
1/13/2011	30.0	17.0	24.1	178	
1/14/2011	30.0	16.0	22.7	191	
1/15/2011	32.0	17.0	23.2	249	
1/16/2011	32.0	17.0	23.2	285	
1/17/2011	28.0	19.0	23.1	227	
1/18/2011	26.0	17.0	20.4	151	
1/19/2011	19.0	14.0	16.3	236	
1/20/2011	23.0	16.0	18.6	218	
1/21/2011	23.0	15.0	18.2	258	
1/22/2011	24.0	16.0	19.6	169	
1/23/2011	27.0	16.0	21.2	169	
1/24/2011	29.0	17.0	22.9	218	
1/25/2011	29.0	16.0	21.4	213	
1/26/2011	27.0	16.0	20.9	253	
1/27/2011	27.0	16.0	19.5	156	
1/28/2011	27.0	17.0	20.6	151	
1/29/2011	26.0	18.0	20.4	147	
1/30/2011	26.0	18.0	20.2	102	
1/31/2011	30.0	17.0	23.2	147	
2/1/2011	29.0	16.0	23.0	156	
2/2/2011	30.0	17.0	23.1	169	
2/3/2011	29.0	17.0	21.6	218	
2/4/2011	22.0	18.0	18.8	173	
2/5/2011	26.0	19.0	21.9	262	
2/6/2011	26.0	18.0	22.0	204	
2/7/2011	29.0	16.0	23.2	204	
2/8/2011	27.0	18.0	23.1	191	
2/9/2011	28.0	17.0	22.3	178	
2/10/2011	30.0	17.0	22.2	191	
2/11/2011	32.0	17.0	23.6	182	
2/12/2011	31.0	18.0	24.6	187	
2/13/2011	29.0	17.0	24.3	196	
2/14/2011	29.0	17.0	24.9	160	
2/15/2011	31.0	18.0	27.4	236	
2/16/2011	32.0	21.0	28.9	227	
2/17/2011	32.0	19.0	25.6	160	
2/18/2011	32.0	18.0	22.4	156	
2/19/2011	30.0	16.0	21.2	89	
2/20/2011	29.0	17.0	21.1	124	
2/21/2011	30.0	17.0	22.8	173	
2/22/2011	28.0	17.0	19.9	102	
2/23/2011	30.0	17.0	22.1	111	
2/24/2011	31.0	17.0	22.1	156	
2/25/2011	30.0	17.0	21.2	107	
2/26/2011	25.0	17.0	19.8	111	
2/27/2011	25.0	17.0	19.7	124	
2/28/2011	27.0	18.0	22.0	160	
3/1/2011	29.0	15.0	22.1	156	
3/2/2011	29.0	13.0	21.6	129	
3/3/2011	28.0	18.0	22.5	124	
3/4/2011	28.0	16.0	20.6	129	
3/5/2011	28.0	17.0	20.7	151	
3/6/2011	27.0	17.0	20.6	138	
3/7/2011	27.0	16.0	21.0	124	
3/8/2011	29.0	15.0	22.1	124	
3/9/2011	28.0	15.0	21.1	124	
3/10/2011	29.0	16.0	21.4	142	
3/11/2011	27.0	17.0	19.7	124	
3/12/2011	28.0	17.0	21.4	151	
3/13/2011	30.0	18.0	22.4	107	
3/14/2011	30.0	18.0	21.9	160	
3/15/2011	30.0	18.0	21.7	147	
3/16/2011	25.0	17.0	20.2	102	
3/17/2011	26.0	18.0	22.4	182	
3/18/2011	30.0	17.0	22.8	187	
3/19/2011	29.0	18.0	22.3	173	
3/20/2011	29.0	17.0	21.8	120	
3/21/2011	26.0	17.0	19.3	138	
3/22/2011	29.0	16.0	21.2	147	
3/23/2011	28.0	17.0	20.7	138	
3/24/2011	30.0	17.0	19.7	84	
3/25/2011	26.0	17.0	20.4	80	
3/26/2011	28.0	17.0	19.2	102	
3/27/2011	25.0	17.0	19.9	173	
3/28/2011	26.0	17.0	20.3	196	
3/29/2011	28.0	17.0	20.3	169	
3/30/2011	29.0	17.0	22.5	196	
3/31/2011	31.0	16.0	22.5	124	
4/1/2011	29.0	16.0	21.8	102	
4/2/2011	30.0	15.0	21.3	107	
4/3/2011	31.0	16.0	20.8	129	
4/4/2011	29.0	16.0	20.5	164	
4/5/2011	28.0	16.0	21.1	147	
4/6/2011	29.0	16.0	20.4	151	
4/7/2011	23.0	16.0	17.7	84	
4/8/2011	23.0	16.0	17.7	84	
4/9/2011	23.0	16.0	17.7	84	
4/10/2011	23.0	16.0	17.7	84	
4/11/2011	23.0	16.0	17.7	84	
4/12/2011	29.0	17.0	22.8	107	
4/13/2011	30.0	15.0	21.9	102	
4/14/2011	29.0	15.0	21.2	156	
4/15/2011	30.0	16.0	21.7	160	
4/16/2011	28.0	15.0	19.9	164	
4/17/2011	28.0	14.0	19.9	231	
4/18/2011	23.0	14.0	17.7	227	
4/19/2011	26.0	13.0	19.7	160	
4/20/2011	27.0	14.0	18.7	258	
4/21/2011	26.0	14.0	19.3	253	
4/22/2011	27.0	15.0	20.4	227	
4/23/2011	27.0	15.0	20.7	253	
4/24/2011	29.0	14.0	21.1	147	
4/25/2011	28.0	15.0	20.2	151	
4/26/2011	27.0	14.0	18.9	102	
4/27/2011	26.0	13.0	19.2	76	
4/28/2011	29.0	13.0	20.7	187	
4/29/2011	28.0	15.0	21.4	200	
4/30/2011	28.0	15.0	21.4	200	
5/1/2011	28.0	15.0	21.4	200	
5/2/2011	28.0	15.0	21.4	200	
5/3/2011	28.0	17.0	22.9	156	
5/4/2011	27.0	13.0	20.3	156	
5/5/2011	26.0	11.0	18.6	138	
5/6/2011	27.0	11.0	18.6	147	
5/7/2011	27.0	11.0	18.3	89	
5/8/2011	28.0	12.0	18.3	147	
5/9/2011	27.0	17.0	21.8	156	
5/10/2011	27.0	14.0	20.8	187	
5/11/2011	27.0	14.0	19.3	111	
5/12/2011	27.0	11.0	18.5	133	
5/13/2011	27.0	9.0	17.9	142	
5/14/2011	26.0	8.0	15.6	133	
5/15/2011	22.0	10.0	14.7	80	
5/16/2011	27.0	8.0	17.2	178	
5/17/2011	26.0	9.0	17.3	173	
5/18/2011	26.0	8.0	16.0	124	
5/19/2011	26.0	7.0	16.1	89	
5/20/2011	27.0	7.0	16.6	116	
5/21/2011	10.0	7.0	8.8	36	
5/22/2011	23.0	12.0	16.8	124	
5/23/2011	27.0	7.0	16.7	107	
5/24/2011	27.0	8.0	16.9	120	
5/25/2011	25.0	6.0	14.1	102	
5/26/2011	23.0	4.0	12.4	191	
5/27/2011	7.0	5.0	6.0	80	
5/28/2011	25.0	5.0	17.4	222	
5/29/2011	26.0	3.0	14.1	147	
5/30/2011	25.0	0	12.7	138	
5/31/2011	27.0	0	12.7	111	
6/1/2011	26.0	6.0	14.3	213	
6/2/2011	24.0	3.0	14.1	169	
6/3/2011	25.0	11.0	20.8	200	
6/4/2011	27.0	11.0	20.8	178	
6/5/2011	27.0	8.0	17.1	107	
6/6/2011	25.0	7.0	14.8	120	
6/7/2011	15.0	3.0	8.8	258	
6/8/2011	20.0	-1.0	9.0	107	
6/9/2011	24.0	-2.0	10.7	147	
6/10/2011	25.0	0	13.3	129	
6/11/2011	26.0	4.0	12.9	138	
6/12/2011	27.0	3.0	15.2	169	
6/13/2011	28.0	5.0	14.8	151	
6/14/2011	27.0	11.0	20.8	191	
6/15/2011	27.0	7.0	16.1	124	
6/16/2011	28.0	6.0	15.6	129	
6/17/2011	28.0	6.0	17.4	182	
6/18/2011	27.0	6.0	17.2	191	
6/19/2011	27.0	5.0	16.7	120	
6/20/2011	28.0	7.0	18.2	164	
6/21/2011	27.0	10.0	20.8	151	
6/22/2011	27.0	8.0	17.3	142	
6/23/2011	25.0	6.0	14.2	156	
6/24/2011	26.0	3.0	13.8	107	
6/25/2011	23.0	5.0	10.6	222	
6/26/2011	24.0	6.0	16.0	213	
6/27/2011	24.0	0	9.7	98	
6/28/2011	24.0	0	12.4	133	
6/29/2011	26.0	3.0	13.9	178	
6/30/2011	25.0	4.0	12.4	107	
7/1/2011	16.0	9.0	12.2	111	
7/2/2011	27.0	4.0	14.7	124	
7/3/2011	5.0	2.0	4.0	76	
7/4/2011	28.0	8.0	19.4	236	
7/5/2011	28.0	2.0	14.9	169	
7/6/2011	24.0	6.0	14.2	285	
7/7/2011	26.0	6.0	14.3	178	
7/8/2011	23.0	4.0	10.0	138	
7/9/2011	24.0	14.0	19.8	227	
7/10/2011					
7/11/2011					
7/12/2011					
7/13/2011					
7/14/2011					
7/15/2011					
7/16/2011					
7/17/2011					
7/18/2011					
7/19/2011					
7/20/2011					
7/21/2011					
7/22/2011					
7/23/2011					
7/24/2011					
7/25/2011	23.0	20.0	21.5	244	
7/26/2011	23.0	20.0	21.5	244	
7/27/2011	23.0	20.0	21.5	244	
7/28/2011	23.0	20.0	21.5	244	
7/29/2011	23.0	20.0	21.5	244	
7/30/2011	24.0	10.0	14.5	240	
7/31/2011	11.0	6.0	7.8	204	
8/1/2011	27.0	9.0	16.4	231	
8/2/2011	26.0	7.0	17.8	138	
8/3/2011	26.0	7.0	13.8	93	
8/4/2011	25.0	8.0	15.2	120	
8/5/2011	27.0	8.0	17.7	138	
8/6/2011	28.0	9.0	16.4	169	
8/7/2011	26.0	11.0	14.5	120	
8/8/2011	26.0	11.0	14.5	120	
8/9/2011	27.0	11.0	16.9	107	
8/10/2011	28.0	8.0	13.6	111	
8/11/2011	30.0	7.0	16.4	124	
8/12/2011	28.0	9.0	15.3	98	
8/13/2011	28.0	9.0	15.3	98	
8/14/2011	28.0	9.0	15.3	98	
8/15/2011	28.0	9.0	15.3	98	
8/16/2011	28.0	9.0	15.3	98	
8/17/2011	28.0	9.0	15.3	98	
8/18/2011	28.0	13.0	20.6	200	
8/19/2011	28.0	8.0	15.5	156	
8/20/2011	27.0	7.0	14.4	102	
8/21/2011	25.0	5.0	12.4	89	
8/22/2011	26.0	5.0	14.3	347	
8/23/2011	5.0	2.0	3.8	133	
8/24/2011					
8/25/2011					
8/26/2011					
8/27/2011					
8/28/2011					
8/29/2011					
8/30/2011					
8/31/2011					
9/1/2011					
9/2/2011					
9/3/2011					
9/4/2011					
9/5/2011					
9/6/2011					
9/7/2011	33.0	15.0	25.8	169	
9/8/2011	32.0	10.0	21.6	160	
9/9/2011	32.0	11.0	22.1	156	
9/10/2011	33.0	9.0	21.6	129	
9/11/2011	32.0	8.0	21.9	169	
9/12/2011	15.0	9.0	11.0	138	
9/13/2011	29.0	12.0	21.8	240	
9/14/2011	32.0	5.0	19.8	182	
9/15/2011	32.0	7.0	20.4	151	
9/16/2011	32.0	11.0	23.6	200	
9/17/2011	33.0	9.0	21.2	151	
9/18/2011	33.0	9.0	22.1	138	
9/19/2011	33.0	13.0	24.8	204	
9/20/2011	34.0	9.0	22.2	178	
9/21/2011	35.0	8.0	22.7	169	
9/22/2011	35.0	8.0	22.7	169	
9/23/2011	35.0	8.0	22.7	169	
9/24/2011	35.0	8.0	22.7	169	
9/25/2011	35.0	8.0	22.7	169	
9/26/2011	35.0	8.0	22.7	169	
9/27/2011	35.0	8.0	22.7	169	
9/28/2011	29.0	19.0	23.7	102	
9/29/2011	32.0	14.0	23.2	142	
9/30/2011	33.0	17.0	26.6	200	
10/1/2011	21.0	11.0	14.8	111	
10/2/2011	21.0	11.0	14.8	111	
10/3/2011	30.0	16.0	26.1	196	
10/4/2011	30.0	16.0	26.1	196	
10/5/2011	33.0	24.0	30.3	222	
10/6/2011	33.0	24.0	30.3	222	
10/7/2011	32.0	19.0	26.7	258	
10/8/2011	32.0	15.0	24.7	240	
10/9/2011	32.0	16.0	24.3	244	
10/10/2011	32.0	12.0	23.1	236	
10/11/2011	33.0	11.0	23.6	218	
10/12/2011	33.0	11.0	23.6	218	
10/13/2011	33.0	11.0	23.6	218	
10/14/2011	33.0	11.0	23.6	218	
10/15/2011	33.0	11.0	23.6	218	
10/16/2011	33.0	11.0	23.6	218	
10/17/2011	35.0	18.0	27.4	307	
10/18/2011	31.0	12.0	21.1	244	
10/19/2011	27.0	9.0	18.3	285	
10/20/2011	33.0	6.0	20.7	231	
10/21/2011	35.0	10.0	24.4	204	
10/22/2011	37.0	13.0	25.8	178	
10/23/2011	38.0	15.0	24.4	129	
10/24/2011	35.0	16.0	23.9	271	
10/25/2011	33.0	14.0	22.4	249	
10/26/2011	32.0	15.0	22.8	258	
10/27/2011	27.0	15.0	20.3	98	
10/28/2011	30.0	20.0	25.3	164	
10/29/2011	27.0	17.0	21.4	187	
10/30/2011	28.0	14.0	21.9	213	
10/31/2011	31.0	13.0	22.4	196	
11/1/2011	34.0	14.0	24.5	191	
11/2/2011	36.0	14.0	25.6	231	
11/3/2011	36.0	15.0	26.1	196	
11/4/2011	30.0	15.0	21.9	258	
11/5/2011	32.0	11.0	22.0	200	
11/6/2011	34.0	8.0	22.7	213	
11/7/2011	36.0	10.0	24.5	191	
11/8/2011	37.0	13.0	25.3	160	
11/9/2011	35.0	16.0	26.0	178	
11/10/2011	33.0	18.0	25.4	191	
11/11/2011	35.0	16.0	24.6	253	
11/12/2011	35.0	16.0	26.5	271	
11/13/2011	33.0	15.0	20.0	209	
11/14/2011	35.0	11.0	23.2	218	
11/15/2011	36.0	10.0	23.9	236	
11/16/2011	34.0	13.0	24.7	191	
11/17/2011	33.0	18.0	26.2	289	
11/18/2011	30.0	18.0	23.2	249	
11/19/2011	30.0	18.0	23.9	169	
11/20/2011	30.0	18.0	22.1	142	
11/21/2011	31.0	16.0	24.2	164	
11/22/2011	31.0	17.0	23.9	191	
11/23/2011	31.0	12.0	21.6	209	
11/24/2011	32.0	9.0	22.8	240	
11/25/2011	34.0	14.0	23.6	182	
11/26/2011	33.0	16.0	24.8	169	
11/27/2011	32.0	15.0	24.6	173	
11/28/2011	32.0	18.0	25.2	160	
11/29/2011	32.0	16.0	24.3	169	
11/30/2011	32.0	17.0	23.3	164	
12/1/2011	32.0	18.0	24.4	182	
12/2/2011	34.0	19.0	25.6	151	
12/3/2011	33.0	17.0	24.8	178	
12/4/2011	29.0	17.0	21.3	196	
12/5/2011	24.0	17.0	18.8	138	
12/6/2011	24.0	17.0	20.1	156	
12/7/2011	29.0	18.0	22.5	164	
12/8/2011	29.0	17.0	20.2	156	
12/9/2011	32.0	15.0	22.7	173	
12/10/2011	31.0	12.0	22.1	151	
12/11/2011	33.0	11.0	22.8	151	
12/12/2011	32.0	12.0	22.7	209	
12/13/2011	28.0	13.0	20.7	258	
12/14/2011	29.0	10.0	20.3	200	
12/15/2011	21.0	12.0	15.4	44	
12/16/2011	21.0	12.0	15.4	44	
12/17/2011	21.0	12.0	15.4	44	
12/18/2011	21.0	12.0	15.4	44	
12/19/2011	21.0	12.0	15.4	44	
12/20/2011	21.0	12.0	15.4	44	
12/21/2011	21.0	12.0	15.4	44	
12/22/2011	21.0	12.0	15.4	44	
12/23/2011	21.0	12.0	15.4	44	
12/24/2011	32.0	19.0	26.4	298	
12/25/2011	33.0	14.0	23.2	147	
12/26/2011	32.0	18.0	25.1	133	
12/27/2011	20.0	17.0	18.8	120	
12/28/2011	20.0	17.0	18.8	120	
12/29/2011	20.0	17.0	18.8	120	
12/30/2011	20.0	17.0	18.8	120	
12/31/2011	20.0	17.0	18.8	120	
1/1/2012	20.0	17.0	18.8	120	
1/2/2012	20.0	17.0	18.8	120	
1/3/2012	20.0	17.0	18.8	120	
1/4/2012	37.0	21.0	28.7	231	
1/5/2012	36.0	16.0	24.5	178	
1/6/2012	36.0	19.0	24.8	129	
1/7/2012	37.0	18.0	25.3	196	
1/8/2012	34.0	19.0	24.2	151	
1/9/2012	35.0	16.0	24.9	98	
1/10/2012	35.0	17.0	25.5	191	
1/11/2012	28.0	18.0	21.3	169	
1/12/2012	30.0	19.0	24.8	213	
1/13/2012	28.0	16.0	20.8	151	
1/14/2012	31.0	18.0	22.6	169	
1/15/2012	24.0	17.0	20.0	124	
1/16/2012	27.0	18.0	20.9	173	
1/17/2012	29.0	17.0	20.3	187	
1/18/2012	24.0	16.0	17.9	213	
1/19/2012	27.0	15.0	18.1	196	
1/20/2012	25.0	15.0	18.6	258	
1/21/2012	26.0	16.0	20.2	231	
1/22/2012	26.0	15.0	20.2	311	
1/23/2012	25.0	14.0	19.2	182	
1/24/2012	28.0	16.0	21.7	169	
1/25/2012	25.0	16.0	19.5	62	
1/26/2012	25.0	16.0	19.5	62	
1/27/2012	33.0	20.0	27.4	187	
1/28/2012	32.0	15.0	23.2	173	
1/29/2012	31.0	17.0	23.6	151	
1/30/2012	29.0	16.0	22.6	178	
1/31/2012	25.0	18.0	21.1	129	
2/1/2012	21.0	16.0	17.7	222	
2/2/2012	25.0	15.0	19.1	151	
2/3/2012	30.0	12.0	22.9	151	
2/4/2012	33.0	12.0	22.4	147	
2/5/2012	31.0	15.0	22.4	164	
2/6/2012	29.0	18.0	20.8	93	
2/7/2012	27.0	18.0	21.2	133	
2/8/2012	26.0	17.0	20.7	58	
2/9/2012	28.0	18.0	22.3	111	
2/10/2012	26.0	16.0	20.6	187	
2/11/2012	28.0	15.0	20.1	142	
2/12/2012	28.0	15.0	21.2	120	
2/13/2012	15.0	12.0	13.2	80	
2/14/2012	31.0	18.0	25.8	147	
2/15/2012	31.0	15.0	23.0	164	
2/16/2012	28.0	18.0	21.3	138	
2/17/2012	27.0	18.0	21.3	107	
2/18/2012	19.0	17.0	18.2	102	
2/19/2012	19.0	17.0	18.2	102	
2/20/2012	19.0	17.0	18.2	102	
2/21/2012	28.0	18.0	22.8	120	
2/22/2012	29.0	17.0	21.4	151	
2/23/2012	31.0	21.0	27.0	244	
2/24/2012	24.0	16.0	19.1	213	
2/25/2012	28.0	14.0	20.9	120	
2/26/2012	27.0	16.0	20.3	142	
2/27/2012	27.0	18.0	20.4	124	
2/28/2012	27.0	18.0	20.4	124	
2/29/2012	27.0	18.0	20.4	124	
3/1/2012	27.0	18.0	20.4	124	
3/2/2012	29.0	21.0	25.5	227	
3/3/2012	31.0	19.0	24.7	164	
3/4/2012	29.0	20.0	24.2	285	
3/5/2012	31.0	22.0	26.4	182	
3/6/2012	32.0	21.0	27.9	222	
3/7/2012	31.0	20.0	25.6	142	
3/8/2012	28.0	17.0	20.7	231	
3/9/2012	30.0	20.0	26.3	187	
3/10/2012	29.0	21.0	23.9	196	
3/11/2012	32.0	22.0	27.4	240	
3/12/2012	31.0	23.0	26.2	178	
3/13/2012	28.0	19.0	23.4	249	
3/14/2012	25.0	19.0	21.0	209	
3/15/2012	25.0	19.0	21.0	209	
3/16/2012	25.0	19.0	21.0	209	
3/17/2012	25.0	19.0	21.0	209	
3/18/2012	25.0	19.0	21.0	209	
3/19/2012	29.0	21.0	24.4	409	
3/20/2012	29.0	21.0	24.4	409	
3/21/2012	30.0	18.0	23.0	289	
3/22/2012	32.0	21.0	26.8	280	
3/23/2012	32.0	20.0	25.2	142	
3/24/2012	30.0	16.0	21.2	120	
3/25/2012	27.0	16.0	21.4	173	
3/26/2012	28.0	17.0	21.7	253	
3/27/2012	22.0	16.0	18.3	133	
3/28/2012	28.0	13.0	21.3	147	
3/29/2012	28.0	12.0	17.8	76	
3/30/2012	27.0	13.0	20.3	213	
3/31/2012	13.0	7.0	9.8	98	
4/1/2012	13.0	7.0	9.8	98	
4/2/2012	29.0	12.0	21.6	151	
4/3/2012	25.0	10.0	15.4	89	
4/4/2012	28.0	11.0	19.5	138	
4/5/2012	29.0	12.0	20.9	164	
4/6/2012	28.0	12.0	20.2	89	
4/7/2012	30.0	13.0	20.5	124	
4/8/2012	27.0	12.0	17.8	80	
4/9/2012	32.0	13.0	21.8	120	
4/10/2012	31.0	13.0	19.9	182	
4/11/2012	32.0	13.0	20.4	120	
4/12/2012	32.0	13.0	20.4	120	
4/13/2012	32.0	13.0	20.4	120	
4/14/2012	32.0	13.0	20.4	120	
4/15/2012	32.0	13.0	20.4	120	
4/16/2012	32.0	13.0	20.4	120	
4/17/2012	32.0	13.0	20.4	120	
4/18/2012	32.0	13.0	20.4	120	
4/19/2012	32.0	13.0	20.4	120	
4/20/2012	32.0	13.0	20.4	120	
4/21/2012	17.0	15.0	15.8	98	
4/22/2012	16.0	10.0	12.7	102	
4/23/2012	20.0	7.0	11.9	138	
4/24/2012	22.0	9.0	14.7	138	
4/25/2012	29.0	9.0	16.4	138	
4/26/2012	29.0	9.0	15.9	107	
4/27/2012	29.0	11.0	14.7	58	
4/28/2012	29.0	11.0	14.7	58	
4/29/2012	29.0	11.0	14.7	58	
4/30/2012	21.0	19.0	20.0	276	
5/1/2012	27.0	9.0	15.3	102	
5/2/2012	31.0	8.0	15.8	76	
5/3/2012	20.0	9.0	13.8	80	
5/4/2012	19.0	8.0	13.6	89	
5/5/2012	21.0	10.0	13.8	80	
5/6/2012	32.0	9.0	18.8	160	
5/7/2012	29.0	9.0	19.6	227	
5/8/2012	28.0	11.0	19.1	196	
5/9/2012	27.0	11.0	18.2	204	
5/10/2012	27.0	9.0	18.1	209	
5/11/2012	27.0	8.0	17.8	222	
5/12/2012	27.0	7.0	16.8	156	
5/13/2012	27.0	6.0	17.2	129	
5/14/2012	27.0	7.0	17.1	89	
5/15/2012	29.0	8.0	18.7	151	
5/16/2012	28.0	8.0	16.9	160	
5/17/2012	27.0	11.0	17.5	102	
5/18/2012	27.0	4.0	15.9	93	
5/19/2012	28.0	6.0	16.5	111	
5/20/2012	29.0	6.0	17.0	116	
5/21/2012	28.0	7.0	16.9	129	
5/22/2012	28.0	7.0	17.7	147	
5/23/2012	28.0	9.0	18.1	147	
5/24/2012	28.0	6.0	17.4	156	
5/25/2012	27.0	6.0	17.2	116	
5/26/2012	27.0	7.0	17.7	129	
5/27/2012	28.0	6.0	16.6	124	
5/28/2012	27.0	4.0	15.8	116	
5/29/2012	27.0	6.0	16.2	98	
5/30/2012	27.0	6.0	16.9	120	
5/31/2012	26.0	7.0	16.7	178	
6/1/2012	25.0	8.0	16.7	227	
6/2/2012	24.0	9.0	16.1	285	
6/3/2012	24.0	6.0	15.0	285	
6/4/2012	24.0	6.0	14.6	253	
6/5/2012	24.0	6.0	15.2	129	
6/6/2012	24.0	4.0	14.7	102	
6/7/2012	25.0	4.0	13.5	129	
6/8/2012	22.0	3.0	11.3	173	
6/9/2012	22.0	3.0	11.3	173	
6/10/2012	22.0	3.0	11.3	173	
6/11/2012	22.0	4.0	11.5	280	
6/12/2012	23.0	2.0	12.5	236	
6/13/2012	24.0	4.0	13.2	173	
6/14/2012	25.0	2.0	13.8	151	
6/15/2012	25.0	4.0	14.5	218	
6/16/2012	24.0	6.0	15.3	240	
6/17/2012	20.0	2.0	10.9	147	
6/18/2012	24.0	1.0	13.1	173	
6/19/2012	24.0	3.0	12.5	147	
6/20/2012	24.0	1.0	11.9	164	
6/21/2012	25.0	4.0	13.1	218	
6/22/2012	25.0	1.0	12.3	169	
6/23/2012	22.0	-1.0	9.7	111	
6/24/2012	23.0	0	10.8	120	
6/25/2012	27.0	1.0	12.7	124	
6/26/2012	28.0	3.0	14.7	107	
6/27/2012	29.0	4.0	16.1	102	
6/28/2012	28.0	3.0	14.6	89	
6/29/2012	28.0	2.0	15.3	98	
6/30/2012	28.0	4.0	16.1	98	
7/1/2012	27.0	6.0	16.8	107	
7/2/2012	27.0	5.0	16.6	102	
7/3/2012	27.0	5.0	16.4	120	
7/4/2012	27.0	5.0	16.1	98	
7/5/2012	27.0	4.0	17.8	138	
7/6/2012	25.0	7.0	15.8	209	
7/7/2012	19.0	1.0	10.6	240	
7/8/2012	22.0	0	10.5	262	
7/9/2012	23.0	2.0	11.5	209	
7/10/2012	25.0	2.0	12.9	124	
7/11/2012	26.0	4.0	15.6	160	
7/12/2012	26.0	6.0	15.6	98	
7/13/2012	25.0	3.0	10.9	53	
