Date	Air Temp Max(ºC)	Air Temp Min(ºC)	Air Temp Avg(ºC)	Rainfall (cm)	WindSp (km/day)	
1/1/2005	36.2	18.1	27.1	0.1524	164	
1/2/2005	36.2	18.5	23.9	0.1270	182	
1/3/2005	35.5	19.7	26.3		276	
1/4/2005	36.7	18.3	25.1		222	
1/5/2005	37.5	16.9	24.6	0.1016	258	
1/6/2005	37.5	19.5	24.9	0.8890	227	
1/7/2005	37.3	18.9	24.3		244	
1/8/2005	34.0	17.0	27.4	0.0254	253	
1/9/2005	37.7	18.7	28.6		227	
1/10/2005	37.7	19.0	26.7	0.4826	240	
1/11/2005	34.5	18.1	22.3	0.3302	160	
1/12/2005	29.0	17.4	20.2	0.6096	178	
1/13/2005	29.0	17.4	20.2		178	
1/14/2005	29.0	17.4	20.2		178	
1/15/2005	29.0	17.4	20.2		178	
1/16/2005	31.8	18.6	23.8	0.5334	196	
1/17/2005	32.0	19.1	22.7	1.5240	204	
1/18/2005	32.0	17.9	20.5	0.2540	120	
1/19/2005	27.8	18.7	21.9	0.5080	80	
1/20/2005	31.6	19.3	23.3		178	
1/21/2005	32.7	18.3	23.9	0	213	
1/22/2005	32.7	16.4	23.8	0	200	
1/23/2005	32.6	16.5	23.9	0	316	
1/24/2005						
1/25/2005						
1/26/2005						
1/27/2005						
1/28/2005						
1/29/2005						
1/30/2005						
1/31/2005						
2/1/2005						
2/2/2005						
2/3/2005						
2/4/2005						
2/5/2005						
2/6/2005						
2/7/2005	35.5	16.9	30.3		289	
2/8/2005	36.6	19.6	25.1	0.0508	218	
2/9/2005	36.6	18.9	25.5	0.3302	182	
2/10/2005	34.3	18.1	23.8	0.0254	244	
2/11/2005	35.8	17.1	25.7		200	
2/12/2005	36.9	17.2	26.0	0.3302	222	
2/13/2005	36.9	19.2	25.4		307	
2/14/2005	33.8	17.6	24.3	0.4064	196	
2/15/2005	30.6	17.4	22.2	2.3114	213	
2/16/2005	31.0	18.0	21.3	1.1684	178	
2/17/2005	31.0	18.4	20.7	3.0734	218	
2/18/2005	28.8	18.4	22.8	1.3970	133	
2/19/2005	29.1	16.9	21.9	0.0254	258	
2/20/2005	30.7	14.2	22.1		160	
2/21/2005	33.1	13.8	23.9		151	
2/22/2005	33.3	14.5	24.0	0	173	
2/23/2005	33.6	13.2	23.8	0	160	
2/24/2005	34.0	12.2	24.1	0	173	
2/25/2005	34.6	13.0	24.3		138	
2/26/2005	36.0	12.9	25.3	0	173	
2/27/2005	36.0	14.8	24.2	0.2286	200	
2/28/2005	34.0	18.7	25.1	0.7112	196	
3/1/2005	33.8	18.7	23.9	0.7366	204	
3/2/2005	35.5	17.1	23.4	0.5334	164	
3/3/2005	36.4	15.7	25.3	0.0254	147	
3/4/2005	36.4	21.2	26.4		173	
3/5/2005	35.3	17.0	25.0		276	
3/6/2005						
3/7/2005						
3/8/2005						
3/9/2005						
3/10/2005						
3/11/2005						
3/12/2005						
3/13/2005						
3/14/2005						
3/15/2005						
3/16/2005						
3/17/2005	30.6	12.5	25.3		160	
3/18/2005	30.6	16.3	20.9	0.7620	196	
3/19/2005	30.6	16.3	20.9		196	
3/20/2005	30.6	16.3	20.9		196	
3/21/2005	30.6	16.3	20.9		196	
3/22/2005	25.4	16.9	19.9	0.0508	222	
3/23/2005	29.2	16.3	21.1	1.5494	138	
3/24/2005	29.2	17.1	20.3	0.5588	133	
3/25/2005	29.2	17.3	21.3	0.0254	200	
3/26/2005	29.2	13.2	20.1		191	
3/27/2005	28.6	12.6	17.8	0	160	
3/28/2005	30.1	10.2	19.7	0	160	
3/29/2005	31.7	11.0	21.1	0	151	
3/30/2005	32.9	12.3	21.3		147	
3/31/2005	32.9	13.8	21.7		178	
4/1/2005	32.7	13.3	21.6	0	151	
4/2/2005	32.1	12.1	22.0	0	156	
4/3/2005	32.1	15.8	22.7	0.1270	178	
4/4/2005	30.2	15.0	23.0	0	129	
4/5/2005	30.2	18.4	21.8	0.0762	307	
4/6/2005	29.9	14.0	21.1	0.0254	222	
4/7/2005	31.6	10.4	20.8		160	
4/8/2005	31.6	10.4	20.8		160	
4/9/2005	31.6	10.4	20.8		160	
4/10/2005	31.6	10.4	20.8		160	
4/11/2005	31.6	10.4	20.8		160	
4/12/2005	32.3	12.3	22.2	0	156	
4/13/2005	32.7	14.0	22.8	0	173	
4/14/2005	32.7	15.4	23.8	0	187	
4/15/2005	33.0	12.9	23.3	0	227	
4/16/2005	33.0	14.1	23.8	0	222	
4/17/2005	32.6	13.7	23.6	0	213	
4/18/2005	32.6	14.6	23.9		293	
4/19/2005	32.2	11.1	22.6	0	178	
4/20/2005	32.7	8.8	20.5	0	169	
4/21/2005	33.1	12.4	22.2	0	196	
4/22/2005	33.1	12.5	21.8		129	
4/23/2005	33.0	10.8	21.7		187	
4/24/2005	31.6	16.8	24.8		213	
4/25/2005	31.6	8.9	20.3	0	173	
4/26/2005	33.1	9.3	21.1	0	236	
4/27/2005	33.1	8.7	21.2	0	209	
4/28/2005	33.0	13.1	22.2	0.3302	271	
4/29/2005	33.0	14.0	21.8	0.9398	329	
4/30/2005	30.3	13.9	20.4	0.9652	204	
5/1/2005	29.4	11.8	20.4	0	133	
5/2/2005	29.8	10.0	19.7	0	187	
5/3/2005	30.6	9.9	21.3		209	
5/4/2005	30.6	8.9	18.6	0	129	
5/5/2005	31.2	9.0	19.6	0	200	
5/6/2005	31.8	9.8	19.8	0	173	
5/7/2005	31.8	8.8	18.9		133	
5/8/2005	34.2	8.9	25.3		133	
5/9/2005	34.2	12.2	20.3	0	222	
5/10/2005	32.9	13.3	22.9	0	271	
5/11/2005	32.3	11.9	21.2	0	218	
5/12/2005	31.1	14.5	22.1	0	329	
5/13/2005	30.3	9.6	19.1	0	240	
5/14/2005	29.8	7.4	15.1	0	178	
5/15/2005	29.5	1.8	16.1	0	204	
5/16/2005	31.1	7.0	19.9	0	222	
5/17/2005	31.9	10.7	21.2	0	200	
5/18/2005	31.9	9.4	20.2	0.0254	142	
5/19/2005	31.6	13.3	21.5		240	
5/20/2005	30.8	11.8	20.7	0	267	
5/21/2005	30.5	11.8	19.3	0	271	
5/22/2005	28.8	11.4	19.8	0	222	
5/23/2005	29.4	11.5	19.6	0	196	
5/24/2005	29.6	8.7	17.3	0	156	
5/25/2005	29.9	9.3	19.9	0	271	
5/26/2005	29.9	7.9	18.8	0	244	
5/27/2005	29.7	8.1	19.4	0	213	
5/28/2005	29.8	10.0	19.1	0	249	
5/29/2005	29.8	7.6	16.1	0	222	
5/30/2005	31.0	7.2	18.8	0	236	
5/31/2005	31.2	7.9	19.7	0	231	
6/1/2005	31.5	8.8	18.6	0	187	
6/2/2005	31.6	7.5	19.9	0	196	
6/3/2005	31.6	7.9	17.7		191	
6/4/2005	30.9	7.9	18.1	0	187	
6/5/2005	30.9	11.1	20.5	0	227	
6/6/2005	30.8	9.4	19.0	0	271	
6/7/2005	29.3	6.4	18.2	0	200	
6/8/2005	29.3	6.4	18.2		200	
6/9/2005	30.1	5.9	17.3	0	173	
6/10/2005	30.6	6.0	17.5		236	
6/11/2005	30.6	5.2	17.8	0	200	
6/12/2005	30.6	6.4	18.0	0	204	
6/13/2005	30.3	4.4	16.4	0	196	
6/14/2005	30.1	5.4	17.3	0	187	
6/15/2005	30.1	3.5	14.9	0	187	
6/16/2005	30.5	2.9	18.4	0	302	
6/17/2005	30.5	11.6	21.0	0	307	
6/18/2005	29.4	10.6	21.1	0	298	
6/19/2005	30.0	8.2	18.4	0	133	
6/20/2005	30.0	6.3	13.7		89	
6/21/2005	29.4	6.1	17.0	0	164	
6/22/2005	28.8	5.9	18.3	0	276	
6/23/2005	28.4	3.6	14.7	0	262	
6/24/2005	26.0	5.4	15.7	0	249	
6/25/2005	26.4	6.4	16.3	0	196	
6/26/2005	27.3	4.4	16.1	0	244	
6/27/2005	29.4	6.0	17.0	0	191	
6/28/2005	29.4	6.2	17.6	0	164	
6/29/2005	29.0	12.1	16.5		267	
6/30/2005	29.6	9.7	18.5	0	182	
7/1/2005	29.6	11.2	19.4	0	240	
7/2/2005	28.8	6.9	17.3	0	271	
7/3/2005	27.7	6.6	16.5	0	244	
7/4/2005	26.8	10.0	17.6	0	236	
7/5/2005						
7/6/2005						
7/7/2005						
7/8/2005						
7/9/2005						
7/10/2005						
7/11/2005						
7/12/2005						
7/13/2005						
7/14/2005						
7/15/2005						
7/16/2005						
7/17/2005						
7/18/2005						
7/19/2005						
7/20/2005						
7/21/2005						
7/22/2005	30.4	5.4	18.8		316	
7/23/2005	31.0	10.8	20.1		307	
7/24/2005	31.0	9.8	19.7		285	
7/25/2005	30.4	9.9	19.1		196	
7/26/2005	30.5	4.9	18.0		213	
7/27/2005	30.5	5.8	18.4		280	
7/28/2005	30.0	6.3	18.3		200	
7/29/2005	30.0	10.3	17.8		222	
7/30/2005	29.7	5.4	18.2		196	
7/31/2005	29.6	5.6	17.8		187	
8/1/2005	29.2	5.6	17.8		138	
8/2/2005	29.7	4.6	17.6		178	
8/3/2005	30.5	5.0	19.1		187	
8/4/2005	30.5	12.6	20.4		285	
8/5/2005	30.8	8.5	19.7		262	
8/6/2005	31.2	11.2	21.7		244	
8/7/2005	31.4	8.2	19.6		227	
8/8/2005	31.4	7.7	15.7		267	
8/9/2005	22.1	2.5	10.1		240	
8/10/2005	27.8	6.4	15.7		218	
8/11/2005	30.9	3.2	17.2		173	
8/12/2005	31.2	3.9	18.3		200	
8/13/2005	32.0	6.0	20.2		271	
8/14/2005	32.0	13.3	19.4		164	
8/15/2005	28.4	7.8	16.2		204	
8/16/2005	31.0	5.8	17.0		231	
8/17/2005	31.0	3.4	15.4		236	
8/18/2005	32.0	1.4	16.5		209	
8/19/2005	33.2	7.6	20.4		236	
8/20/2005	34.4	8.4	20.2		240	
8/21/2005	34.4	10.7	19.1		267	
8/22/2005	32.1	8.7	17.1		160	
8/23/2005	33.8	6.7	20.3		249	
8/24/2005	33.8	8.6	20.7		244	
8/25/2005	34.8	10.7	21.8		298	
8/26/2005	34.8	9.0	19.9		271	
8/27/2005	33.3	4.2	18.2		178	
8/28/2005	34.5	6.5	21.6		244	
8/29/2005	34.5	13.8	19.5		89	
8/30/2005	34.5	13.8	19.5		89	
8/31/2005	34.5	13.8	19.5		89	
9/1/2005	34.5	13.8	19.5		89	
9/2/2005	34.1	9.1	22.9		227	
9/3/2005	34.6	10.1	22.9		213	
9/4/2005	34.6	15.0	18.7		231	
9/5/2005	27.6	8.9	17.6		258	
9/6/2005	32.8	10.3	19.6		258	
9/7/2005	33.7	9.2	21.6		218	
9/8/2005	35.4	11.4	24.1		204	
9/9/2005	35.4	18.5	26.3		240	
9/10/2005	35.4	12.2	24.8		209	
9/11/2005	35.2	14.2	24.5		298	
9/12/2005	34.0	15.2	23.8		293	
9/13/2005	34.2	16.0	24.4		351	
9/14/2005	34.6	11.1	24.1		169	
9/15/2005	34.6	11.9	24.1		196	
9/16/2005	34.5	12.8	24.6		262	
9/17/2005	34.5	10.8	24.2		164	
9/18/2005	35.5	10.6	23.7		187	
9/19/2005	35.8	11.0	24.7		156	
9/20/2005	35.8	10.8	25.0		240	
9/21/2005	35.8	10.5	24.6		213	
9/22/2005	36.7	10.9	24.9		196	
9/23/2005	37.3	9.1	24.3		187	
9/24/2005	37.3	11.4	25.3		253	
9/25/2005	36.0	13.4	22.7		258	
9/26/2005	33.2	10.3	17.3		400	
9/27/2005	30.7	2.3	16.6		187	
9/28/2005	30.7	7.2	19.2		311	
9/29/2005	32.6	10.1	21.3		267	
9/30/2005	34.4	9.4	22.1		204	
10/1/2005	35.4	7.6	23.6		249	
10/2/2005	36.2	8.4	23.4		231	
10/3/2005	36.2	13.4	23.0		249	
10/4/2005	34.3	12.0	22.9		302	
10/5/2005	35.9	11.1	24.2		222	
10/6/2005	35.9	11.1	24.2		222	
10/7/2005	38.0	14.8	24.2		360	
10/8/2005	36.6	11.6	22.9		338	
10/9/2005	37.3	12.2	25.7		142	
10/10/2005	38.4	14.5	25.9		240	
10/11/2005	38.4	18.1	27.3	0.0254	289	
10/12/2005	36.9	17.5	26.7		258	
10/13/2005	36.6	19.7	26.8		271	
10/14/2005	38.0	16.7	26.9		285	
10/15/2005	38.0	17.2	25.5	0.2286	289	
10/16/2005	36.0	19.8	24.9		373	
10/17/2005	34.8	16.7	23.7	0.5080	302	
10/18/2005	35.9	16.1	25.6	0	244	
10/19/2005	35.9	14.5	25.5		316	
10/20/2005	36.9	12.4	26.0		178	
10/21/2005	38.6	14.1	27.2		262	
10/22/2005	40.3	14.1	28.3		204	
10/23/2005	40.3	16.3	29.4		271	
10/24/2005	40.3	23.0	28.3		262	
10/25/2005	37.5	20.9	26.5	0.8382	267	
10/26/2005	37.5	18.6	27.7		244	
10/27/2005	36.0	17.3	25.3		400	
10/28/2005	34.9	20.1	26.4		231	
10/29/2005	34.9	21.3	25.0		338	
10/30/2005	32.8	20.1	23.8		302	
10/31/2005	32.8	18.6	23.7		227	
11/1/2005	35.7	17.2	25.9		218	
11/2/2005	38.0	18.6	27.6		351	
11/3/2005	38.0	16.7	24.2		378	
11/4/2005	33.1	13.3	21.3		373	
11/5/2005	33.0	10.0	21.2		258	
11/6/2005	35.0	8.7	22.8		289	
11/7/2005	35.6	9.3	22.2		240	
11/8/2005	37.3	10.7	25.7		267	
11/9/2005	37.5	14.0	26.2		196	
11/10/2005	37.5	17.5	26.1		262	
11/11/2005	35.3	15.1	25.6		249	
11/12/2005	35.3	9.3	23.2		240	
11/13/2005	37.4	8.7	24.2		218	
11/14/2005	38.8	11.0	27.1		249	
11/15/2005	39.2	13.8	28.5		267	
11/16/2005	39.7	14.2	27.9		280	
11/17/2005	40.5	13.4	27.8		324	
11/18/2005	40.5	16.3	27.8		249	
11/19/2005	39.2	16.5	27.9		342	
11/20/2005	38.2	19.3	27.7		276	
11/21/2005	37.7	19.2	26.5		204	
11/22/2005	37.3	18.0	26.4		236	
11/23/2005	37.0	17.2	26.9		187	
11/24/2005	37.0	18.2	24.9	0.1016	262	
11/25/2005	36.0	16.5	27.3	0	285	
11/26/2005	37.9	16.3	27.8		320	
11/27/2005	37.9	17.3	25.6	0.0508	262	
11/28/2005	36.8	18.4	26.3		253	
11/29/2005	35.5	18.5	25.7		293	
11/30/2005	35.5	13.0	24.6		285	
12/1/2005	35.5	12.3	25.3		271	
12/2/2005	36.5	13.1	25.9		227	
12/3/2005	36.5	17.2	27.2		222	
12/4/2005	36.4	21.6	27.3		253	
12/5/2005	36.4	18.6	26.7		351	
12/6/2005	36.4	18.6	26.7		351	
12/7/2005	36.4	18.6	26.7		351	
12/8/2005	35.3	15.8	28.6	0.1270	178	
12/9/2005	35.3	17.3	25.1	0.4826	187	
12/10/2005	35.6	18.5	26.4		289	
12/11/2005	37.3	19.3	28.2		258	
12/12/2005	37.4	19.3	28.9	0.2286	178	
12/13/2005	37.4	19.2	27.1	0.3556	236	
12/14/2005	37.3	20.1	27.6		302	
12/15/2005	36.8	18.8	24.8		267	
12/16/2005	36.3	19.5	26.6	0.0254	151	
12/17/2005	34.3	19.6	26.3	0	222	
12/18/2005	34.9	19.1	26.8		307	
12/19/2005	36.2	13.1	25.1		320	
12/20/2005	36.2	11.8	23.5		307	
12/21/2005	35.0	10.1	24.4		249	
12/22/2005	35.7	12.9	25.3		244	
12/23/2005	37.2	14.3	27.3		262	
12/24/2005	37.8	14.4	27.8		280	
12/25/2005	38.5	15.7	27.6		373	
12/26/2005	38.5	15.1	25.4		200	
12/27/2005	37.0	16.9	27.9		249	
12/28/2005	37.0	17.7	27.7	0.5080	240	
12/29/2005	37.3	17.2	26.0	0.4826	169	
12/30/2005	37.3	16.7	25.7		298	
12/31/2005	37.1	21.7	25.7		258	
1/1/2006	33.3	19.2	23.1	3.0480	280	
1/2/2006	33.3	19.2	22.8	0.3810	222	
1/3/2006	31.8	17.8	23.4	0.1016	271	
1/4/2006	31.8	19.3	22.9	0.0762	218	
1/5/2006	30.0	18.0	21.1	0.0508	262	
1/6/2006	30.0	17.0	19.1	0.5334	320	
1/7/2006	29.4	16.9	21.5	0.1524	249	
1/8/2006	31.3	12.4	21.6	0.0254	173	
1/9/2006	34.2	14.5	24.6	0.0254	249	
1/10/2006	34.2	16.4	21.9	0.0508	280	
1/11/2006	31.6	18.3	22.3	0	236	
1/12/2006	35.0	15.5	23.4		298	
1/13/2006	35.0	17.0	23.1	0.0254	156	
1/14/2006	33.5	16.1	20.5	0.0762	209	
1/15/2006	31.0	16.9	20.9	0.7112	200	
1/16/2006	30.6	15.7	21.3	0.7112	209	
1/17/2006	30.6	18.4	21.6	3.6322	120	
1/18/2006	29.2	18.9	21.9	2.7432	222	
1/19/2006	29.2	16.0	19.9	2.8956	240	
1/20/2006	29.6	17.7	23.4	0	253	
1/21/2006	32.8	16.5	24.1		218	
1/22/2006	32.8	16.7	23.7		204	
1/23/2006	33.8	16.0	24.7		204	
1/24/2006	33.8	18.1	24.2		200	
1/25/2006	32.7	18.2	22.6	0.0508	182	
1/26/2006	28.8	19.0	21.8	1.2446	156	
1/27/2006	27.6	18.0	20.4	1.0160	156	
1/28/2006	28.4	16.8	21.3	1.4732	191	
1/29/2006	30.5	17.6	23.2	1.7526	160	
1/30/2006	31.6	17.3	21.4	1.4224	102	
1/31/2006	31.6	17.3	22.0	1.8288	204	
2/1/2006	30.0	18.1	22.2	0.0508	267	
2/2/2006	29.1	17.2	20.3	1.8542	209	
2/3/2006	25.1	15.6	19.6	0.6096	240	
2/4/2006	28.6	17.6	21.7	0.0508	160	
2/5/2006	30.1	18.4	23.6		231	
2/6/2006	30.3	15.3	22.0		200	
2/7/2006	30.8	14.5	22.9		182	
2/8/2006	31.1	14.6	23.1		191	
2/9/2006	33.4	15.6	23.2		151	
2/10/2006	33.5	15.3	24.3		178	
2/11/2006	33.5	15.8	24.9		164	
2/12/2006	33.4	19.6	23.9		173	
2/13/2006	32.9	16.6	22.7	0.1016	164	
2/14/2006	31.0	17.5	21.6	0.1270	169	
2/15/2006	31.0	18.0	21.4	2.6670	178	
2/16/2006	29.0	18.0	20.4	0.4826	200	
2/17/2006	29.8	17.7	22.9		262	
2/18/2006	30.1	17.7	21.8	0.0508	173	
2/19/2006	30.1	18.6	20.4	1.8288	71	
2/20/2006	29.7	17.6	21.2	1.8288	173	
2/21/2006	29.4	17.8	20.5	0.9906	209	
2/22/2006	28.1	17.4	20.7	2.9464	160	
2/23/2006	28.1	18.4	20.5	0.4318	249	
2/24/2006	25.7	15.3	18.4	0.6096	187	
2/25/2006	26.3	15.4	20.3	0	116	
2/26/2006	28.5	13.7	21.8		227	
2/27/2006	28.5	15.3	20.6		231	
2/28/2006	29.1	16.2	20.9		196	
3/1/2006	30.4	14.6	21.2		200	
3/2/2006	30.9	11.8	21.4		182	
3/3/2006	31.0	10.9	21.3		160	
3/4/2006	32.5	15.0	21.8		151	
3/5/2006	32.5	16.1	21.2	0.0254	302	
3/6/2006	26.9	16.3	19.6		382	
3/7/2006	25.7	14.7	19.3	0.0254	249	
3/8/2006	27.7	14.3	19.8	0.0508	204	
3/9/2006	31.0	14.9	21.8	0	200	
3/10/2006	31.5	14.9	22.6	1.2192	156	
3/11/2006	31.5	18.3	23.4	0.0254	142	
3/12/2006	31.1	17.8	21.8		160	
3/13/2006	29.3	14.5	19.3	0.4318	231	
3/14/2006	29.4	16.6	21.0	0.4064	151	
3/15/2006	29.4	17.3	21.8	1.0668	133	
3/16/2006	29.6	18.5	21.6	0.2032	147	
3/17/2006	29.6	17.1	20.5	0.0254	187	
3/18/2006	29.9	16.1	21.7	0.0254	187	
3/19/2006	29.9	16.9	20.3	2.4130	178	
3/20/2006	29.4	14.6	19.8	0.7112	160	
3/21/2006	30.2	16.3	21.0	1.3716	156	
3/22/2006	30.2	17.4	20.7	1.0160	227	
3/23/2006	28.9	16.6	20.5	1.5494	160	
3/24/2006	26.9	17.8	19.7	1.8034	204	
3/25/2006	27.9	17.2	21.6		156	
3/26/2006	29.1	17.5	20.9	0.2032	218	
3/27/2006	29.9	16.0	21.8	0.0254	107	
3/28/2006	30.1	13.1	21.2		138	
3/29/2006	30.1	12.1	20.4	0.7620	164	
3/30/2006	29.9	15.2	20.5		204	
3/31/2006	29.2	15.1	21.6		222	
4/1/2006	29.2	15.0	23.0		213	
4/2/2006	28.9	14.9	19.8		213	
4/3/2006	29.1	13.3	20.8		204	
4/4/2006	29.3	15.1	20.7		227	
4/5/2006	29.3	12.4	19.7		227	
4/6/2006	28.6	12.5	19.6		253	
4/7/2006	28.5	16.5	20.4	0.4318	164	
4/8/2006	30.4	15.8	21.1		156	
4/9/2006	30.4	14.8	20.9		200	
4/10/2006	30.4	10.7	20.8		164	
4/11/2006	30.6	12.8	20.4	0.0254	120	
4/12/2006	30.6	17.0	22.0	0.0254	182	
4/13/2006	29.6	14.8	20.4		227	
4/14/2006	27.7	16.4	20.0		160	
4/15/2006	29.2	17.5	22.6		244	
4/16/2006	29.2	15.9	18.8	0.0508	102	
4/17/2006	23.5	16.4	18.3	0.9906	151	
4/18/2006	27.3	14.3	16.3	0.2540	164	
4/19/2006	27.3	16.0	19.4	0.1524	267	
4/20/2006	27.1	16.4	19.4		280	
4/21/2006	26.9	13.3	18.7	0.0254	258	
4/22/2006	26.9	10.2	16.0		151	
4/23/2006	26.5	7.4	15.0	0.0254	133	
4/24/2006	27.0	7.2	17.4		236	
4/25/2006	27.0	10.9	19.2		285	
4/26/2006	29.0	12.9	20.1		222	
4/27/2006	29.0	11.9	19.2		285	
4/28/2006	28.2	11.9	19.6		218	
4/29/2006	28.2	13.7	18.1		231	
4/30/2006	27.3	12.8	15.8	0.1524	244	
5/1/2006	27.3	10.7	17.5	0.0254	169	
5/2/2006	28.3	10.0	18.1		151	
5/3/2006	28.8	8.5	17.5		182	
5/4/2006	28.8	5.3	17.1		164	
5/5/2006	28.8	5.3	17.1		164	
5/6/2006	29.3	6.8	17.2		196	
5/7/2006	30.0	8.1	17.7		178	
5/8/2006	30.0	7.9	17.9		156	
5/9/2006	29.0	8.1	16.8		160	
5/10/2006	28.2	5.4	14.7		173	
5/11/2006	26.8	5.8	16.4		213	
5/12/2006	26.8	4.8	16.6		231	
5/13/2006	26.8	7.3	17.7		196	
5/14/2006	27.2	7.9	16.4		182	
5/15/2006	27.2	6.3	15.5		191	
5/16/2006	27.6	5.3	15.0		182	
5/17/2006	27.7	5.8	15.8		138	
5/18/2006	27.7	6.1	15.1		244	
5/19/2006	26.0	5.3	14.4		267	
5/20/2006	25.2	7.0	12.0		311	
5/21/2006	20.4	-0.3	9.5	0.0254	204	
5/22/2006	20.9	2.3	10.2		324	
5/23/2006	23.7	0.3	12.3		249	
5/24/2006	25.9	0	12.6		173	
5/25/2006	25.9	5.9	14.6		289	
5/26/2006	27.6	3.3	15.9		213	
5/27/2006	29.5	3.5	16.4		178	
5/28/2006	29.5	3.1	15.7		178	
5/29/2006	30.0	2.6	15.8		231	
5/30/2006	30.0	4.7	17.7		262	
5/31/2006	29.3	8.2	17.7		253	
6/1/2006	27.6	7.8	15.7		196	
6/2/2006	26.8	2.2	15.1		204	
6/3/2006	26.8	2.3	14.9		307	
6/4/2006	26.4	6.8	16.2		360	
6/5/2006	26.1	6.8	15.5		347	
6/6/2006	25.2	5.2	14.5		316	
6/7/2006	25.6	6.0	14.9		351	
6/8/2006	25.3	4.3	17.6		231	
6/9/2006	25.7	2.9	14.0		249	
6/10/2006	27.1	3.3	15.6		204	
6/11/2006	27.5	5.3	16.3		342	
6/12/2006	27.5	3.6	14.3		222	
6/13/2006	28.6	8.5	19.4		267	
6/14/2006	29.4	3.3	14.9		200	
6/15/2006	29.4	4.5	15.4		178	
6/16/2006	30.1	2.9	15.8		129	
6/17/2006	30.1	3.5	16.3		169	
6/18/2006	29.9	6.4	20.1		236	
6/19/2006	29.9	7.4	16.9		258	
6/20/2006	27.0	8.7	15.4		293	
6/21/2006	25.2	7.9	15.4		244	
6/22/2006	26.3	1.2	14.7		204	
6/23/2006	26.3	4.3	14.1		311	
6/24/2006	26.0	7.2	14.9		298	
6/25/2006	26.0	5.2	14.8		267	
6/26/2006	26.3	5.5	16.7		320	
6/27/2006	26.3	11.3	18.1		369	
6/28/2006	26.4	4.2	14.4		160	
6/29/2006	26.4	4.4	13.4		258	
6/30/2006	24.1	4.7	13.6		333	
7/1/2006	24.5	6.1	15.4		267	
7/2/2006	25.8	2.4	14.4		182	
7/3/2006	28.0	1.7	14.7		187	
7/4/2006	28.5	4.4	17.6		231	
7/5/2006	28.5	4.2	17.6		249	
7/6/2006	28.1	4.5	16.6		262	
7/7/2006	29.0	3.0	16.1		178	
7/8/2006	29.0	7.8	17.6		271	
7/9/2006	28.9	5.4	16.4		293	
7/10/2006	28.0	8.5	16.3		285	
7/11/2006	25.4	3.9	16.6		342	
7/12/2006	25.2	5.4	16.0		271	
7/13/2006	26.2	4.1	15.2		249	
7/14/2006	27.9	1.8	15.9		236	
7/15/2006	27.9	4.3	16.0		271	
7/16/2006	28.1	5.5	17.2		307	
7/17/2006	28.7	4.8	16.4		271	
7/18/2006	30.3	3.4	17.0		222	
7/19/2006	30.3	5.6	17.9		276	
7/20/2006	28.8	10.7	20.6		356	
7/21/2006	28.5	4.6	15.6		227	
7/22/2006	28.1	-0.3	12.3		182	
7/23/2006	27.1	0	12.2		218	
7/24/2006	26.8	3.1	13.6		227	
7/25/2006	29.3	0.9	15.5		249	
7/26/2006	31.4	5.4	18.8		244	
7/27/2006	31.4	8.5	19.3		311	
7/28/2006	29.4	7.2	16.4		320	
7/29/2006	26.3	5.8	15.1		276	
7/30/2006	26.0	7.2	15.9		311	
7/31/2006	27.6	4.0	15.5		253	
8/1/2006	19.7	1.9	10.4		271	
8/2/2006	24.5	-1.8	10.4		173	
8/3/2006	27.1	-0.6	12.8		191	
8/4/2006	28.3	0.6	14.8		218	
8/5/2006	28.9	5.7	17.4		227	
8/6/2006	29.6	1.2	16.6		227	
8/7/2006	29.8	3.4	17.3		227	
8/8/2006	30.8	2.8	17.3		191	
8/9/2006	30.8	2.5	17.2		240	
8/10/2006	29.8	4.5	17.9		227	
8/11/2006	29.8	6.3	17.9		218	
8/12/2006	29.8	7.8	19.1		267	
8/13/2006	29.7	6.0	18.4		262	
8/14/2006	31.0	5.2	18.0		218	
8/15/2006	27.7	-0.7	13.9		204	
8/16/2006	28.1	2.7	14.1		329	
8/17/2006	27.7	4.5	16.3		298	
8/18/2006	29.2	7.0	17.6		222	
8/19/2006	30.0	3.0	16.9		196	
8/20/2006	31.9	7.1	19.6		200	
8/21/2006	31.9	8.0	18.8		267	
8/22/2006	29.2	1.2	14.1		244	
8/23/2006	29.7	0	14.7		249	
8/24/2006	29.7	2.0	13.9		209	
8/25/2006	30.5	4.8	17.2		191	
8/26/2006	31.5	5.2	18.4		187	
8/27/2006	32.7	5.7	18.2		129	
8/28/2006	32.7	6.3	19.6		213	
8/29/2006	32.2	9.4	20.8		196	
8/30/2006	32.6	9.0	21.2		356	
8/31/2006	32.6	13.0	20.9		253	
9/1/2006	30.4	13.6	21.2		227	
9/2/2006	30.2	14.2	21.6	0.0254	222	
9/3/2006	31.6	13.3	21.8	0	213	
9/4/2006	31.7	9.1	20.8		244	
9/5/2006	31.7	11.5	21.8		258	
9/6/2006	31.7	11.5	21.8		258	
9/7/2006	31.7	11.5	21.8		258	
9/8/2006	31.7	11.5	21.8		258	
9/9/2006	28.8	11.3	20.2		338	
9/10/2006	30.7	9.0	21.6		258	
9/11/2006	32.4	8.8	21.8		164	
9/12/2006	33.5	10.1	22.8		227	
9/13/2006	34.9	12.6	23.4		160	
9/14/2006	35.0	14.5	24.3		262	
9/15/2006	35.0	11.2	22.2		285	
9/16/2006	34.8	11.1	20.3		262	
9/17/2006	32.4	7.0	18.6		307	
9/18/2006	31.5	6.5	19.0		271	
9/19/2006	31.8	11.3	20.9		285	
9/20/2006	33.0	9.7	21.8		236	
9/21/2006	33.9	12.4	23.3		316	
9/22/2006	33.9	14.5	23.9		267	
9/23/2006	33.9	13.0	24.0		231	
9/24/2006	34.4	9.5	23.3		222	
9/25/2006	35.4	11.4	23.5		209	
9/26/2006	35.4	9.9	22.6		253	
9/27/2006	35.0	10.5	22.3		209	
9/28/2006	33.8	13.9	23.6	0.0508	333	
9/29/2006	33.8	14.6	24.1	0.1524	324	
9/30/2006	33.6	14.7	23.3		293	
10/1/2006	32.2	12.9	22.6		276	
10/2/2006	32.2	8.4	18.8		333	
10/3/2006	29.6	3.1	16.4		209	
10/4/2006	32.8	5.2	18.3		293	
10/5/2006	35.7	22.0	29.9		347	
10/6/2006	35.7	15.5	24.8		164	
10/7/2006	33.6	16.5	24.1	0.0254	338	
10/8/2006	33.6	16.3	23.3	0.1016	316	
10/9/2006	33.4	15.1	22.0	1.1938	329	
10/10/2006	33.4	15.1	22.0		329	
10/11/2006	32.3	15.0	23.1	0.2032	271	
10/12/2006	33.2	15.0	22.8		262	
10/13/2006	33.6	13.4	23.1	0.2032	213	
10/14/2006	33.9	17.3	25.1	0.0254	338	
10/15/2006	33.9	16.5	23.8	0.0254	293	
10/16/2006	32.9	15.2	22.9	0.2032	289	
10/17/2006	32.9	15.9	24.1	0.2286	196	
10/18/2006	36.2	15.8	24.3	0.2032	244	
10/19/2006	36.2	17.4	26.2	0	191	
10/20/2006	35.7	18.3	23.1	1.8796	258	
10/21/2006	33.7	17.0	21.3	0.0508	227	
10/22/2006	33.8	16.0	24.7		244	
10/23/2006	34.6	14.6	25.6		249	
10/24/2006	34.6	18.1	25.4		302	
10/25/2006	33.8	16.9	23.7		360	
10/26/2006	37.0	14.5	24.3		249	
10/27/2006	37.0	19.0	25.4		173	
10/28/2006	35.7	17.7	24.1		298	
10/29/2006	32.4	15.6	20.8	0.2540	164	
10/30/2006	33.0	15.8	23.5		200	
10/31/2006	34.1	15.2	22.3		147	
11/1/2006	34.1	18.2	23.3	0.0254	222	
11/2/2006	30.8	13.2	21.8		191	
11/3/2006	33.0	9.4	21.6		182	
11/4/2006	34.9	10.6	23.1		178	
11/5/2006	35.5	11.7	25.0		222	
11/6/2006	36.1	12.3	25.2		302	
11/7/2006	36.1	16.9	24.6		302	
11/8/2006	34.1	16.3	23.8	0.2286	302	
11/9/2006	32.2	15.7	23.4		236	
11/10/2006	35.2	16.3	25.1		178	
11/11/2006	37.0	14.5	26.9		138	
11/12/2006	37.0	15.4	26.5		302	
11/13/2006	35.8	11.2	23.8		227	
11/14/2006	35.9	9.2	23.3		289	
11/15/2006	35.9	10.5	22.6		253	
11/16/2006	34.4	11.2	22.4		351	
11/17/2006	35.7	11.0	23.4		267	
11/18/2006	36.7	10.6	23.9		209	
11/19/2006	36.7	17.0	24.9		249	
11/20/2006	35.8	18.8	24.1	0.0254	187	
11/21/2006	34.6	18.4	22.9	1.8796	160	
11/22/2006	33.2	17.8	21.2	0.0254	191	
11/23/2006	33.6	16.3	24.8		267	
11/24/2006	35.3	13.7	25.9		204	
11/25/2006	36.1	13.2	23.5	0.8890	204	
11/26/2006	36.1	17.8	24.5	1.6764	200	
11/27/2006	33.4	17.1	24.1	0.0254	262	
11/28/2006	33.3	18.2	25.8		302	
11/29/2006	33.3	18.2	25.8		302	
11/30/2006	33.3	18.2	25.8		302	
12/1/2006	33.3	18.2	25.8		302	
12/2/2006	33.3	18.2	25.8		302	
12/3/2006	33.3	18.2	25.8		302	
12/4/2006	35.9	12.6	25.4		209	
12/5/2006	38.4	23.1	31.6		213	
12/6/2006	38.4	17.3	25.2		333	
12/7/2006	36.8	14.8	24.2	0.2540	209	
12/8/2006	36.8	15.8	25.7	0.2794	187	
12/9/2006	35.0	14.4	24.7	0	253	
12/10/2006	36.5	11.7	25.2		236	
12/11/2006	37.0	11.9	25.9		244	
12/12/2006	37.0	16.1	24.8		209	
12/13/2006	35.8	14.8	26.2		222	
12/14/2006	37.4	14.3	27.2		249	
12/15/2006	37.5	15.8	26.4		196	
12/16/2006	37.8	13.2	25.5		249	
12/17/2006	37.8	14.5	25.9		164	
12/18/2006	37.4	16.8	25.6		293	
12/19/2006	36.7	15.4	23.7		249	
12/20/2006	35.5	15.9	22.9		262	
12/21/2006	33.9	17.2	24.3		329	
12/22/2006	34.5	18.0	26.3		262	
12/23/2006	34.6	17.6	26.1		267	
12/24/2006	35.1	17.8	23.7	0.0762	222	
12/25/2006	36.1	15.0	22.8	0.3810	160	
12/26/2006	36.1	16.0	22.7		151	
12/27/2006	36.1	16.0	22.7		151	
12/28/2006	36.1	18.8	23.6		249	
12/29/2006	31.8	14.0	21.5		285	
12/30/2006	32.2	14.0	21.9		404	
12/31/2006	35.3	13.2	25.9		311	
1/1/2007	35.6	13.5	26.2		244	
1/2/2007	36.6	11.5	25.7		231	
1/3/2007	36.6	14.0	25.6		302	
1/4/2007	35.6	21.5	27.6		253	
1/5/2007	36.7	14.6	26.9		151	
1/6/2007	36.7	18.4	27.2		240	
1/7/2007	38.7	16.1	27.8		271	
1/8/2007	38.8	15.4	28.3		231	
1/9/2007	39.6	14.0	28.4		240	
1/10/2007	39.6	14.3	27.4		196	
1/11/2007	38.6	14.5	24.4	0.5588	187	
1/12/2007	38.4	16.4	26.9		178	
1/13/2007	38.0	18.7	26.9		200	
1/14/2007	37.6	18.7	23.8	0.5080	227	
1/15/2007	37.6	14.6	24.9		231	
12/8/2007	37.5	20.7	30.0		418	
12/9/2007	37.5	11.7	23.8		289	
12/10/2007	36.6	13.3	24.1		324	
12/11/2007	34.3	12.9	26.8		342	
12/12/2007	37.4	13.5	25.9		369	
12/13/2007	37.6	18.3	29.7		329	
12/14/2007	37.6	18.8	25.9		347	
12/15/2007	36.6	17.8	22.7		338	
12/16/2007	32.9	10.4	22.6		333	
12/17/2007	32.9	9.2	22.0		253	
12/18/2007	36.5	10.1	24.4		289	
12/19/2007	36.5	10.3	23.2		311	
12/20/2007	36.0	10.4	23.9		231	
12/21/2007	35.3	15.5	24.8		231	
12/22/2007	36.6	19.6	26.4		231	
12/23/2007	36.6	19.6	26.4		231	
12/24/2007	33.4	17.1	23.7		209	
12/25/2007	34.5	12.2	23.3		316	
12/26/2007	36.0	9.6	23.7		293	
12/27/2007	37.9	13.0	26.4		280	
12/28/2007	38.0	14.8	27.1		258	
12/29/2007	38.6	18.9	27.7		298	
12/30/2007	38.6	21.0	28.3		244	
12/31/2007	36.7	16.6	28.1		236	
1/1/2008	36.9	16.8	28.3		280	
1/2/2008	38.0	17.5	28.2		271	
1/3/2008	38.4	15.4	26.9		307	
1/4/2008	38.4	15.7	23.5		360	
1/5/2008	37.0	16.3	24.4		351	
1/6/2008	37.0	15.2	24.1		338	
1/7/2008	35.7	17.3	26.0		311	
1/8/2008	37.1	17.8	25.3		231	
1/9/2008	38.0	14.9	27.2		356	
1/10/2008	38.0	15.1	27.0		240	
1/11/2008	37.2	15.8	25.2		276	
1/12/2008	36.9	20.1	23.8		178	
1/13/2008	36.9	20.1	23.8		178	
1/14/2008	35.4	16.0	26.4		307	
1/15/2008	35.9	14.3	25.9		298	
1/16/2008	35.9	18.4	26.7		253	
1/17/2008	34.9	18.2	25.2	0.5080	302	
1/18/2008	31.4	18.0	21.8	0.0508	200	
1/19/2008	31.4	18.9	22.0	0.1016	133	
1/20/2008	28.3	19.0	20.9	0.1270	204	
1/21/2008	28.3	17.1	21.3	0.0508	204	
1/22/2008	32.4	16.9	25.3		258	
1/23/2008	35.7	16.8	28.0	0.1524	382	
1/24/2008	36.7	16.9	27.2		236	
1/25/2008	36.7	16.7	25.1	0.0254	187	
1/26/2008	34.2	16.1	19.8	0.0508	213	
1/27/2008	30.3	17.5	22.4	0.0254	240	
1/28/2008	30.3	17.7	23.1	0.0508	267	
1/29/2008	29.0	16.7	23.1	0.2286	387	
1/30/2008	32.7	15.8	23.6	0	267	
1/31/2008	31.4	16.0	23.1		302	
2/1/2008						
2/2/2008						
2/3/2008						
2/4/2008						
2/5/2008						
2/6/2008						
2/7/2008						
2/8/2008						
2/9/2008						
2/10/2008						
2/11/2008						
2/12/2008						
2/13/2008						
2/14/2008						
2/15/2008						
2/16/2008	31.0	23.2	27.1		293	
2/17/2008	30.2	18.2	24.3		222	
2/18/2008	31.3	17.6	23.8		213	
2/19/2008	31.2	16.5	22.4		124	
2/20/2008	32.0	20.1	27.7		280	
2/21/2008	33.6	15.6	23.4	0.3302	156	
2/22/2008	33.6	18.0	23.6		187	
2/23/2008	33.0	18.1	24.1		244	
2/24/2008	33.0	16.5	21.9	0.4318	244	
2/25/2008	31.9	17.1	21.1	0.0254	129	
2/26/2008	30.3	15.8	20.8	0.4572	182	
2/27/2008	27.5	16.2	19.1	1.2446	173	
2/28/2008	28.5	15.7	21.3	0.0254	124	
2/29/2008	28.6	16.7	21.2	0.0254	187	
3/1/2008	28.6	16.7	21.6	0.1270	200	
3/2/2008	28.1	15.4	19.9	2.3876	151	
3/3/2008	29.2	17.0	22.4	2.8194	236	
3/4/2008	29.3	17.2	21.9	0.0254	164	
3/5/2008	29.3	16.8	22.1	0.0762	204	
3/6/2008	30.5	16.5	22.4	0.0254	200	
3/7/2008	30.6	14.6	21.8		160	
3/8/2008	30.6	17.1	20.2	0.2540	156	
3/9/2008	29.7	16.9	21.8	0.0762	160	
3/10/2008	29.7	16.0	20.4	0.3048	164	
3/11/2008	29.3	16.6	18.6	0.2286	138	
3/12/2008	25.7	17.5	19.1	0.1016	164	
3/13/2008	23.2	17.4	19.4	0.0508	173	
3/14/2008	25.5	17.4	19.8	0.2540	222	
3/15/2008	28.4	15.9	20.2	0.2032	191	
3/16/2008	29.4	17.8	22.1	0.0254	164	
3/17/2008	29.4	18.1	21.7		200	
3/18/2008	30.2	15.0	22.3		204	
3/19/2008	30.2	18.1	21.4		227	
3/20/2008	27.7	17.9	20.8	0.7112	191	
3/21/2008	27.6	17.6	20.5	0.0254	187	
3/22/2008	30.3	16.3	22.2		124	
3/23/2008	30.9	15.4	22.4		173	
3/24/2008	30.9	15.9	23.8		147	
3/25/2008	30.8	17.6	22.5		151	
3/26/2008	30.8	13.5	19.6	0.0508	107	
3/27/2008	28.3	15.1	19.9	0.7112	280	
3/28/2008	28.1	14.4	17.8	0.1524	222	
3/29/2008	26.8	14.6	19.8	0.0254	262	
3/30/2008	29.1	13.9	20.7		191	
3/31/2008	29.1	14.2	21.6		204	
4/1/2008	28.7	13.9	21.4		258	
4/2/2008	29.1	11.3	20.5		200	
4/3/2008	29.6	13.1	20.7		271	
4/4/2008	29.6	12.8	19.7		204	
4/5/2008	29.4	10.1	19.9		182	
4/6/2008	30.2	11.5	20.9		164	
4/7/2008	30.5	11.5	21.6		116	
4/8/2008	31.4	11.7	20.7		133	
4/9/2008	31.4	11.7	20.7		133	
4/10/2008	29.6	13.6	20.6	0.0254	187	
4/11/2008	29.6	14.4	17.9	0.0254	209	
4/12/2008	29.8	12.2	19.3	0.4826	133	
4/13/2008	29.8	12.0	19.2	1.3970	196	
4/14/2008	28.3	13.6	20.6	0.0254	244	
4/15/2008	28.3	14.0	19.9		182	
4/16/2008	28.9	13.3	19.5		222	
4/17/2008	28.9	11.7	19.4		182	
4/18/2008	30.7	9.5	19.8		160	
4/19/2008	30.7	11.3	19.6		204	
4/20/2008	29.4	8.7	20.8		160	
4/21/2008						
4/22/2008						
4/23/2008						
4/24/2008						
4/25/2008						
4/26/2008						
4/27/2008						
4/28/2008						
4/29/2008						
4/30/2008						
5/1/2008						
5/2/2008						
5/3/2008						
5/4/2008						
5/5/2008						
5/6/2008						
5/7/2008						
5/8/2008						
5/9/2008						
5/10/2008						
5/11/2008						
5/12/2008						
5/13/2008						
5/14/2008						
5/15/2008						
5/16/2008						
5/17/2008						
5/18/2008						
5/19/2008						
5/20/2008						
5/21/2008						
5/22/2008						
5/23/2008						
5/24/2008						
5/25/2008						
5/26/2008						
5/27/2008						
5/28/2008						
5/29/2008						
5/30/2008						
5/31/2008						
6/1/2008						
6/2/2008						
6/3/2008						
6/4/2008						
6/5/2008						
6/6/2008						
6/7/2008						
6/8/2008						
6/9/2008						
6/10/2008						
6/11/2008						
6/12/2008						
6/13/2008						
6/14/2008						
6/15/2008						
6/16/2008						
6/17/2008						
6/18/2008						
6/19/2008						
6/20/2008						
6/21/2008						
6/22/2008						
6/23/2008						
6/24/2008						
6/25/2008						
6/26/2008						
6/27/2008						
6/28/2008						
6/29/2008	25.6	2.1	17.1		267	
6/30/2008						
7/1/2008						
7/2/2008						
7/3/2008						
7/4/2008						
7/5/2008						
7/6/2008						
7/7/2008						
7/8/2008						
7/9/2008						
7/10/2008						
7/11/2008						
7/12/2008						
7/13/2008						
7/14/2008						
7/15/2008	28.1	11.8	19.1		236	
7/16/2008	28.1	11.8	19.1		236	
7/17/2008	28.1	11.8	19.1		236	
7/18/2008	25.6	8.1	16.6		240	
7/19/2008	25.6	7.5	15.3		289	
7/20/2008	25.5	8.3	16.8		289	
7/21/2008	27.0	8.2	16.8		262	
7/22/2008	27.0	9.2	18.1		329	
7/23/2008	26.8	9.1	15.8		311	
12/3/2008	26.8	9.1	10.9		178	
12/4/2008	26.8	9.1	6.7		178	
12/5/2008	30.1	19.4	22.1	0.0508	240	
12/6/2008	24.0	19.4	9.5	0.7366	191	
12/7/2008	29.7	19.4	21.6	0.0254	133	
12/8/2008	29.7	16.9	20.4		204	
12/9/2008	29.7	16.9	5.6		164	
12/10/2008	27.5	17.1	19.7	0.1270	147	
12/11/2008	27.5	17.1	12.9	0.2032	151	
12/12/2008	27.5	17.8	20.1		178	
12/13/2008	28.1	19.2	22.4	0.1016	218	
12/14/2008	31.3	17.6	21.0		196	
12/15/2008	31.3	18.7	20.8		182	
12/16/2008	30.8	18.7	23.0		200	
12/17/2008	30.8		-1.2		222	
12/18/2008	30.8		2.1		173	
12/19/2008	30.8		5.9		178	
12/20/2008	23.2		9.8		156	
12/21/2008	23.4		7.7		218	
12/22/2008	23.8		8.6		227	
12/23/2008	23.8		5.1		298	
12/24/2008	23.8		3.4		302	
12/25/2008	23.8		6.5		227	
12/26/2008	23.8		6.5		240	
12/27/2008	23.8		4.7		293	
12/28/2008	25.4		9.6		271	
12/29/2008	31.7	11.6	21.5		244	
12/30/2008	32.3	11.1	22.3		244	
12/31/2008	32.8	12.5	23.4		276	
1/1/2009	33.5	10.8	23.4		262	
1/2/2009	34.1	11.7	24.0		253	
1/3/2009	36.5	12.0	22.5		227	
1/4/2009	36.5	13.4	25.3		253	
1/5/2009	37.8	12.4	26.6		267	
1/6/2009	37.8	13.6	26.1		200	
1/7/2009	37.3	14.6	25.1		222	
1/8/2009	35.7	14.7	25.8		271	
1/9/2009	36.7	16.4	26.1		351	
1/10/2009	36.9	13.9	26.0		356	
1/11/2009	36.9	11.8	23.8		253	
1/12/2009	35.1	10.4	23.7		285	
1/13/2009	35.1	11.8	23.9		289	
1/14/2009	37.0	12.2	24.3		262	
1/15/2009	38.0	17.5	25.6	0.1016	271	
1/16/2009	38.0	18.0	24.7		191	
1/17/2009	32.9	18.7	21.6	0.0508	89	
1/18/2009	31.1	18.5	22.0		187	
1/19/2009	31.9	16.6	22.7		204	
1/20/2009	31.9	16.3	22.7		169	
1/21/2009	31.8	16.3	21.6	0.1524	173	
1/22/2009	31.6	15.5	21.6	0.0254	289	
1/23/2009	31.6	15.2	19.9	0.1270	307	
1/24/2009	28.6	13.7	21.1	0.0254	138	
1/25/2009	29.1	14.2	19.8	0.1270	147	
1/26/2009	29.1	14.3	21.5		120	
1/27/2009	29.1	14.3	21.5		120	
1/28/2009	32.5	15.1	26.9		244	
1/29/2009	32.8	18.1	22.7	0.0508	204	
1/30/2009	32.8	17.1	21.5		187	
1/31/2009	31.9	11.8	27.1		249	
2/1/2009	33.0	17.2	23.4	0.2794	218	
2/2/2009	33.0	18.2	19.8	0.3810	156	
2/3/2009	33.0	18.2	19.8		156	
2/4/2009	29.3	16.4	21.1	0.4064	138	
2/5/2009	29.0	17.5	21.3	1.6256	244	
2/6/2009	28.4	17.9	20.7	0.0508	178	
2/7/2009	26.1	18.3	20.9		329	
2/8/2009	26.1	18.3	20.9		329	
2/9/2009	28.7	18.5	20.6	0.3810	120	
2/10/2009	28.7	18.5	20.6		120	
2/11/2009	29.3	19.0	19.6	0.6350	98	
2/12/2009	28.5	18.5	20.9		133	
7/2/2009	25.6	7.4	13.2		191	
7/3/2009	25.6	7.4	13.2		191	
7/4/2009	24.4	7.2	13.7		258	
7/5/2009	24.4	7.2	13.7		258	
7/6/2009	24.4	7.2	13.7		258	
7/7/2009	24.4	7.2	13.7		258	
7/8/2009	24.4	7.2	13.7		258	
7/9/2009	24.4	7.2	13.7		258	
7/10/2009	24.4	7.2	13.7		258	
7/11/2009	24.5	4.4	12.0		231	
7/12/2009	26.1	0.4	12.3		196	
7/13/2009	26.1	0.4	12.3		196	
7/14/2009	26.1	0.4	12.3		196	
7/15/2009	26.1	0.4	12.3		196	
7/16/2009	26.1	0.4	12.3		196	
7/17/2009	26.1	0.4	12.3		196	
7/18/2009	27.1	8.2	15.8		253	
7/19/2009	26.5	9.7	15.7		253	
7/20/2009	26.6	9.5	16.4		191	
7/21/2009	26.6	9.5	16.4		191	
7/22/2009	26.6	9.5	16.4		191	
7/23/2009	26.6	9.5	16.4		191	
7/24/2009	26.6	9.5	16.4		191	
7/25/2009	26.6	9.5	16.4		191	
7/26/2009	26.6	9.5	16.4		191	
7/27/2009	24.7	7.3	14.3		267	
7/28/2009	24.7	7.3	14.3		267	
7/29/2009	24.7	7.3	14.3		267	
7/30/2009	24.7	7.3	14.3		267	
7/31/2009	24.7	7.3	14.3		267	
8/1/2009	24.7	7.3	14.3		267	
8/2/2009	24.7	7.3	14.3		267	
8/3/2009	27.9	1.1	17.5		222	
8/4/2009	27.9	1.1	17.5		222	
8/5/2009	27.9	1.1	17.5		222	
8/6/2009	17.8	3.7	12.3		227	
8/7/2009	17.8	3.7	12.3		227	
8/8/2009	30.3	8.1	17.9		227	
8/9/2009	30.3	8.1	17.9		227	
8/10/2009	30.3	8.1	17.9		227	
8/11/2009	30.3	8.1	17.9		227	
8/12/2009	29.9	7.1	17.5		187	
8/13/2009	30.8	6.6	16.2		187	
8/14/2009	25.0	4.9	12.8		178	
8/15/2009	25.0	4.9	12.8		178	
8/16/2009	25.0	4.9	12.8		178	
8/17/2009	25.0	4.9	12.8		178	
8/18/2009	30.1	8.0	17.9		262	
8/19/2009	15.5	-0.8	7.8		191	
8/20/2009	18.0	3.9	9.3		267	
8/21/2009	30.5	6.7	18.3		253	
8/22/2009						
8/23/2009						
8/24/2009						
8/25/2009						
8/26/2009						
8/27/2009						
8/28/2009						
8/29/2009						
8/30/2009						
8/31/2009						
9/1/2009						
9/2/2009						
9/3/2009	33.0	7.4	18.6		156	
9/4/2009	32.9	10.1	17.6		147	
9/5/2009	32.9	10.1	17.6		147	
9/6/2009	32.9	10.1	17.6		147	
9/7/2009	32.9	10.1	17.6		147	
9/8/2009	32.9	10.1	17.6		147	
9/9/2009	32.7	3.4	16.6		267	
9/10/2009	32.7	3.4	16.6		267	
9/11/2009	33.5	21.2	28.2		200	
9/12/2009						
9/13/2009						
9/14/2009						
9/15/2009						
9/16/2009						
9/17/2009						
9/18/2009						
9/19/2009						
9/20/2009						
9/21/2009						
9/22/2009						
9/23/2009						
9/24/2009						
9/25/2009						
9/26/2009						
9/27/2009						
9/28/2009	36.1	11.9	22.8		253	
9/29/2009	36.1	15.7	20.8		298	
7/24/2010	27.7	8.8	20.0		191	
7/25/2010	27.7	11.2	21.8		236	
7/26/2010	27.7	11.2	21.8		236	
7/27/2010	28.7	10.6	18.8		222	
7/28/2010	28.1	9.4	18.0		285	
7/29/2010	26.7	11.5	19.3		164	
7/30/2010	28.1	8.2	20.4		151	
7/31/2010	28.1	8.1	18.7		164	
8/1/2010	28.1	7.2	17.9		178	
8/2/2010	27.4	8.9	17.8		244	
8/3/2010	26.9	11.3	18.2		271	
8/4/2010	27.5	9.4	18.6		258	
8/5/2010	29.7	6.0	18.2		120	
8/6/2010	32.2	8.3	21.2		138	
8/7/2010	32.2	9.0	22.0		196	
8/8/2010	31.9	8.8	20.8		147	
8/9/2010	30.7	9.1	24.7		267	
8/10/2010	30.7	9.8	17.9		311	
8/11/2010						
8/12/2010						
8/13/2010						
8/14/2010						
8/15/2010						
8/16/2010						
8/17/2010						
8/18/2010						
8/19/2010						
8/20/2010						
8/21/2010						
8/22/2010						
8/23/2010						
8/24/2010						
8/25/2010	33.3	9.5	23.2		164	
8/26/2010	33.3	9.5	23.2		164	
8/27/2010	31.9	11.3	26.3		200	
8/28/2010	31.9	11.2	21.9		209	
8/29/2010	32.1	10.4	24.3		253	
8/30/2010	32.1	11.4	22.6		187	
8/31/2010	32.3	10.3	21.2		200	
9/1/2010	33.0	9.0	24.7		107	
9/2/2010	33.0	9.8	21.7		160	
9/3/2010	33.7	11.2	23.3		164	
9/4/2010	34.7	11.2	24.3		182	
9/5/2010	35.6	12.4	26.4		129	
9/6/2010	35.7	17.0	29.2		142	
9/7/2010	35.7	17.0	29.2		142	
9/8/2010	35.7	17.0	29.2		142	
9/9/2010	35.7	17.0	29.2		142	
9/10/2010	32.6	9.8	26.3		67	
9/11/2010	33.9	15.3	25.4		262	
9/12/2010	33.9	17.7	25.4		320	
9/13/2010	33.0	15.4	23.6		227	
9/14/2010	33.0	14.0	24.3		138	
9/15/2010	34.1	14.2	24.7		147	
9/16/2010	35.0	13.1	24.8		187	
9/17/2010	36.3	14.5	24.6		240	
9/18/2010	36.3	14.1	24.3		253	
9/19/2010	34.2	11.9	20.1		267	
9/20/2010	31.1	8.8	15.3		302	
9/21/2010	29.7	-0.5	16.0		133	
9/22/2010	34.3	15.3	25.5		222	
9/23/2010	36.4	9.5	23.1		204	
9/24/2010	36.5	9.3	23.9		187	
9/25/2010	36.5	12.0	23.6		209	
9/26/2010	36.2	11.7	20.8		200	
9/27/2010	35.8	11.0	23.2		258	
9/28/2010	34.1	17.6	23.6		249	
9/29/2010	35.5	20.1	28.2		289	
9/30/2010	35.5	21.7	28.2		324	
10/1/2010	35.6	16.7	28.4		249	
10/2/2010	35.6	21.2	28.6		253	
10/3/2010	35.6	21.2	28.6		253	
10/4/2010	38.0	16.4	27.6		156	
10/5/2010	38.0	19.8	30.4		267	
10/6/2010	37.9	17.2	27.9		240	
10/7/2010	37.7	14.0	28.8		222	
10/8/2010	37.7	17.0	28.1		173	
10/9/2010	38.4	15.6	27.3		218	
10/10/2010	38.4	13.7	25.0		316	
10/11/2010	36.8	12.3	25.0		253	
10/12/2010	36.8	12.7	24.3		276	
10/13/2010	35.7	12.7	22.1		285	
10/14/2010	32.1	10.7	21.7		262	
10/15/2010	34.0	6.3	21.4		173	
10/16/2010	35.4	11.6	24.1		182	
10/17/2010	36.4	12.0	26.0		204	
10/18/2010	37.5	12.2	26.2		213	
10/19/2010	38.2	13.6	27.7		280	
10/20/2010	38.2	15.1	27.2		236	
10/21/2010	38.1	15.8	25.2		227	
10/22/2010	36.9	13.9	22.3		316	
10/23/2010	33.6	12.8	22.3		200	
10/24/2010	33.0	10.6	22.3		222	
10/25/2010	33.9	9.6	23.1		258	
10/26/2010	35.9	13.5	25.2		293	
10/27/2010	35.9	17.8	25.7		311	
10/28/2010	35.7	12.3	24.2		169	
10/29/2010	38.6	24.0	32.3		338	
10/30/2010	38.6	18.2	26.6	0.0254	178	
10/31/2010	37.1	16.2	29.3		209	
11/1/2010	37.6	13.8	27.4		240	
11/2/2010	37.6	14.8	25.2		293	
11/3/2010	36.4	13.4	25.1		302	
11/4/2010	33.3	12.9	22.9		293	
11/5/2010	33.4	14.0	24.2		276	
11/6/2010	36.8	12.9	25.2		262	
11/7/2010	37.9	13.3	27.1		253	
11/8/2010	37.9	13.6	25.8		249	
11/9/2010	36.9	10.4	21.1		258	
11/10/2010	35.1	9.7	22.7		187	
11/11/2010	36.9	12.0	25.1		209	
11/12/2010	37.8	13.6	25.7		182	
11/13/2010	37.8	16.1	25.1		138	
11/14/2010	35.8	18.5	22.8		267	
11/15/2010	30.1	18.0	20.3		164	
11/16/2010	29.2	18.5	22.4		222	
11/17/2010	29.2	18.0	21.3		138	
11/18/2010	30.6	17.5	23.4		169	
11/19/2010	31.7	14.8	23.8		276	
11/20/2010	33.9	15.7	24.7		187	
11/21/2010	33.9	16.3	24.8		258	
11/22/2010	33.7	15.6	25.0		244	
11/23/2010	35.3	18.9	26.4	0.1016	222	
11/24/2010	35.3	15.7	23.7	0.0254	182	
11/25/2010	33.6	16.2	21.1	0.1016	80	
11/26/2010	31.0	18.5	22.5	0.1524	182	
11/27/2010	31.0	18.7	21.7		84	
11/28/2010	32.1	17.8	22.6	0	111	
11/29/2010	32.1	17.2	23.7	0	89	
11/30/2010	32.4	17.9	26.7	0	200	
12/1/2010	33.4	16.7	24.2	0	178	
12/2/2010	33.4	17.9	23.2		120	
12/3/2010	33.4	17.9	23.2		120	
12/4/2010	33.9	13.8	24.1		240	
12/5/2010	35.1	13.9	25.3		142	
12/6/2010	35.1	15.9	23.7		222	
12/7/2010	35.1	17.5	25.3		227	
12/8/2010	35.1	15.4	24.3		196	
12/9/2010	34.9	15.7	27.9		240	
12/10/2010	35.5	15.8	27.4		142	
12/11/2010	35.5	15.8	27.4		142	
12/12/2010	35.5	15.8	27.4		142	
12/13/2010	35.5	15.8	27.4		142	
12/14/2010	28.4	19.6	24.3		151	
12/15/2010	32.1	14.4	24.1		258	
12/16/2010	33.9	10.2	19.6		276	
12/17/2010	33.9	13.0	25.4		329	
12/18/2010	34.5	13.9	25.7		236	
12/19/2010	35.9	14.1	26.8		213	
12/20/2010	38.2	13.5	26.8		173	
12/21/2010	38.2	14.1	25.6		218	
12/22/2010	36.8	13.6	25.3		236	
12/23/2010	37.0	24.1	31.1		387	
12/24/2010	37.0	15.9	25.2		240	
12/25/2010	36.7	15.3	25.9		271	
12/26/2010	37.3	14.7	26.8		156	
12/27/2010	37.3	19.6	25.4		204	
12/28/2010	35.2	17.6	23.9		133	
12/29/2010	35.2	15.7	21.2		182	
12/30/2010	28.2	19.1	22.0		222	
12/31/2010	28.1	17.8	20.9		111	
1/1/2011	28.4	18.3	23.1		124	
1/2/2011	29.0	17.2	21.7	0	138	
1/3/2011	29.0	18.0	21.8	0.7620	111	
1/4/2011	29.7	18.9	23.6	0.0508	271	
1/5/2011	29.7	18.3	20.8	0.0762	169	
1/6/2011	32.8	18.7	24.4	0.0254	191	
1/7/2011	32.8	18.3	20.8	0.2286	204	
1/8/2011	32.8	18.3	20.8		204	
1/9/2011	32.8	18.3	20.8		204	
1/10/2011	32.8	18.3	20.8		204	
1/11/2011	32.8	18.3	20.8		204	
1/12/2011	33.9	17.2	24.1	0.1016	213	
1/13/2011	33.9	17.2	24.4	0	173	
1/14/2011	32.1	16.8	23.2		200	
1/15/2011	32.4	16.6	24.2	0.0254	262	
1/16/2011	32.8	17.1	23.3	0.1016	293	
1/17/2011	32.8	15.9	22.9	0.0762	213	
1/18/2011	31.2	18.8	20.6	0.1016	187	
1/19/2011	27.8	14.8	17.1	1.1684	267	
1/20/2011	24.5	15.9	19.4	0.0762	218	
1/21/2011	24.5	15.5	18.9	0.0508	267	
1/22/2011	25.5	16.4	19.9	0.0254	213	
1/23/2011	27.8	16.9	22.2		182	
1/24/2011	30.4	16.9	23.4		244	
1/25/2011	30.4	16.6	21.7		240	
1/26/2011	30.2	16.1	21.1	0.0508	289	
1/27/2011	28.0	16.6	18.8	0.8382	200	
1/28/2011	28.0	17.4	20.8	0.8382	196	
1/29/2011	28.0	17.8	20.6	0.0508	102	
1/30/2011	27.8	18.4	20.2	0.1524	84	
1/31/2011	31.2	16.7	23.5	0	151	
2/1/2011	31.2	16.5	23.5		182	
2/2/2011	30.8	17.5	23.9		169	
2/3/2011	30.8	17.1	21.9		218	
2/4/2011	30.8	17.1	21.9		218	
2/5/2011	30.8	17.1	21.9		218	
2/6/2011	28.0	17.7	22.1	0.2794	222	
2/7/2011	29.1	15.6	23.8		209	
2/8/2011	29.1	18.8	23.3		204	
2/9/2011	29.8	16.7	22.7	0	164	
2/10/2011	30.7	17.1	22.1		182	
2/11/2011	33.2	17.1	24.3		138	
2/12/2011	33.2	18.0	25.2	0	240	
2/13/2011	31.2	16.5	24.5	0.1270	178	
2/14/2011	30.1	16.8	25.4	0.0762	222	
2/15/2011	31.8	17.2	27.4	0	253	
2/16/2011	32.7	16.2	28.1		253	
2/17/2011	32.9	18.7	25.5		213	
2/18/2011	32.9	17.6	22.4	0.7620	169	
2/19/2011	32.8	16.7	21.2	0.1778	98	
2/20/2011	31.4	17.5	20.5	0.3556	151	
2/21/2011	31.1	17.7	23.1	0	200	
2/22/2011	31.1	16.9	20.4	0.2794	111	
2/23/2011	31.4	17.4	22.4		111	
2/24/2011	31.4	17.3	22.4	0.6858	156	
2/25/2011	31.4	17.3	23.2		151	
2/26/2011	30.3	17.9	20.5	0.1016	204	
2/27/2011	26.1	17.3	20.2	0.1016	138	
2/28/2011	28.9	18.7	23.1		178	
3/1/2011	29.7	15.6	22.0		151	
3/2/2011	30.0	13.5	21.9		151	
3/3/2011	30.0	18.1	22.9		147	
3/4/2011	29.3	16.3	22.3	1.6002	120	
3/5/2011	29.3	17.0	21.4	0.3302	151	
3/6/2011	28.6	16.9	20.9	0.0254	187	
3/7/2011	28.4	16.1	22.1	0.3302	142	
3/8/2011	30.3	15.9	22.6		142	
3/9/2011	30.3	15.5	21.4		138	
3/10/2011	30.8	16.3	22.3	2.4130	178	
3/11/2011	30.8	16.3	20.4	0.2286	80	
3/12/2011	28.4	17.5	21.2	0	151	
3/13/2011	30.4	18.3	24.4	0.0254	124	
3/14/2011	30.6	17.9	22.3	0.0254	227	
3/15/2011	31.0	18.0	20.7	0.3302	187	
3/16/2011	31.0	18.0	20.7		187	
3/17/2011	29.7	18.0	21.3	0.0254	178	
3/18/2011	31.1	17.3	23.9	0.0508	218	
3/19/2011	31.1	17.6	22.0	0.1524	164	
3/20/2011	30.7	16.9	22.1	0	160	
3/21/2011	30.7	17.0	19.7	0.4826	173	
3/22/2011	29.7	16.9	20.4	0.5080	151	
3/23/2011	29.7	17.2	21.1	0.5080	164	
3/24/2011	30.6	17.5	20.1	0.1270	107	
3/25/2011	30.6	16.9	20.9	0.5080	44	
3/26/2011	29.2	16.6	20.5	1.2192	71	
3/27/2011	29.2	16.9	20.3	0.1016	164	
3/28/2011	27.5	17.6	20.8	0.0254	209	
3/29/2011	28.6	17.1	21.0	0.0508	178	
3/30/2011	30.0	17.0	22.6	0	218	
3/31/2011	31.2	16.0	23.4		142	
4/1/2011	31.2	15.7	23.1		116	
4/2/2011	31.5	15.9	21.5		142	
4/3/2011	31.6	16.5	21.3	0.2794	156	
4/4/2011	31.6	16.1	21.8	0.2286	173	
4/5/2011	30.6	15.9	21.9		187	
4/6/2011	30.6	15.7	20.8	0.7112	191	
4/7/2011	30.4	16.5	18.7		89	
4/8/2011	30.4	16.5	18.7		89	
4/9/2011	30.4	16.5	18.7		89	
4/10/2011	30.4	16.5	18.7		89	
4/11/2011	30.4	16.5	18.7		89	
4/12/2011	29.3	16.3	24.0		164	
4/13/2011	30.4	15.5	22.2	0	160	
4/14/2011	30.4	14.9	22.3		191	
4/15/2011	30.3	13.8	21.2	0.4572	178	
4/16/2011	30.1	14.9	20.8	0.2540	151	
4/17/2011	29.2	14.1	20.3	0.0254	285	
4/18/2011	28.2	14.7	18.0	0	267	
4/19/2011	27.2	13.8	20.1		178	
4/20/2011	27.2	15.1	19.2	0.3302	271	
4/21/2011	27.0	14.3	19.6	0	276	
4/22/2011	26.6	15.2	20.7		289	
4/23/2011	28.0	16.3	21.5		307	
4/24/2011	30.0	14.2	21.4		187	
4/25/2011	30.0	15.4	21.0		138	
4/26/2011	28.3	14.3	19.3	0	93	
4/27/2011	27.5	13.5	19.8		80	
4/28/2011	29.3	13.8	20.8	0.4318	204	
4/29/2011	29.3	14.8	18.8	0	133	
4/30/2011	29.3	14.8	18.8		133	
5/1/2011	29.3	14.8	18.8		133	
5/2/2011	29.3	14.8	18.8		133	
5/3/2011	29.3	14.8	18.8		133	
5/4/2011	28.8	13.7	21.2	0	138	
5/5/2011	28.0	11.5	18.8		138	
5/6/2011	28.0	11.6	17.2		160	
5/7/2011	28.5	11.1	19.3		111	
5/8/2011	28.6	11.4	18.2		178	
5/9/2011	28.3	10.0	21.6		187	
5/10/2011	28.3	10.1	21.4		204	
5/11/2011	27.5	14.0	19.7		111	
5/12/2011	28.0	10.8	18.6		156	
5/13/2011	28.2	10.8	20.4		169	
5/14/2011	28.2	6.8	15.9		116	
5/15/2011	28.2	6.8	15.9		116	
5/16/2011	27.4	8.0	19.8		209	
5/17/2011	27.4	9.4	17.6		182	
5/18/2011	26.7	7.9	16.8	0.0254	178	
5/19/2011	28.2	7.2	16.6		93	
5/20/2011	28.2	7.3	17.1		173	
5/21/2011	28.2	7.3	17.1		173	
5/22/2011	28.2	7.3	17.1		173	
5/23/2011	27.9	7.2	17.9		124	
5/24/2011	27.9	7.9	19.2		169	
5/25/2011	27.3	5.9	14.6		147	
5/26/2011	26.0	4.3	13.0		227	
5/27/2011	26.0	4.3	13.0		227	
5/28/2011	25.6	6.0	18.8		258	
5/29/2011	26.9	2.3	14.1		138	
5/30/2011	26.9	0.1	12.2		173	
5/31/2011	27.8	-0.1	12.1		138	
6/1/2011	27.8	5.4	14.3		258	
6/2/2011	26.2	3.4	14.1		182	
6/3/2011	25.6	11.0	19.9		231	
6/4/2011	27.7	15.7	21.8		178	
6/5/2011	27.7	7.3	17.4		116	
6/6/2011	27.3	6.3	15.3		138	
6/7/2011	15.4	2.5	9.3		280	
6/8/2011	20.3	-4.3	8.6		124	
6/9/2011	24.7	-3.5	10.8		173	
6/10/2011	26.2	2.9	18.7		156	
6/11/2011	26.3	3.6	16.1		200	
6/12/2011	27.7	2.9	16.9		227	
6/13/2011	28.3	4.8	15.3		178	
6/14/2011	27.7	6.6	21.7		258	
6/15/2011	27.7	6.4	17.0		178	
6/16/2011	28.6	5.1	15.5		178	
6/17/2011	28.9	5.3	16.7		213	
6/18/2011	28.9	5.5	17.4		200	
6/19/2011	27.9	5.0	17.1		147	
6/20/2011	27.9	5.0	17.1		147	
6/21/2011	27.7	6.1	21.9		227	
6/22/2011	27.7	7.0	17.3		196	
6/23/2011	27.3	4.7	14.6		178	
6/24/2011	26.7	1.8	13.7		98	
6/25/2011	26.7	4.8	10.9		249	
6/26/2011	26.7	4.8	10.9		249	
6/27/2011	10.2	0.3	6.2		133	
6/28/2011	25.1	-0.7	12.6		147	
6/29/2011	25.6	2.2	12.5		138	
6/30/2011	26.4	4.5	12.9		142	
7/1/2011	26.4	4.5	12.9		142	
7/2/2011	28.1	2.8	14.7		178	
7/3/2011	28.1	2.8	14.7		178	
7/4/2011	28.0	10.8	20.6		253	
7/5/2011	29.4	2.5	16.7		191	
7/6/2011	29.4	5.7	16.4		320	
7/7/2011	26.1	5.7	15.3		227	
7/8/2011	26.1	5.7	15.3		227	
7/9/2011	24.8	4.4	19.6		227	
7/10/2011						
7/11/2011						
7/12/2011						
7/13/2011						
7/14/2011						
7/15/2011						
7/16/2011						
7/17/2011						
7/18/2011						
7/19/2011						
7/20/2011						
7/21/2011						
7/22/2011						
7/23/2011						
7/24/2011						
7/25/2011	24.1	1.7	18.1		213	
7/26/2011	25.6	2.3	14.3		196	
7/27/2011	25.6	2.3	14.3		196	
7/28/2011	21.1	6.8	14.9		267	
7/29/2011	24.4	1.4	12.7		280	
7/30/2011	25.0	5.2	13.2		267	
7/31/2011	25.0	5.6	14.7		302	
8/1/2011	27.2	7.4	16.0		187	
8/2/2011	28.1	5.0	19.2		182	
8/3/2011	28.3	6.6	14.7		111	
8/4/2011	28.3	6.9	16.8		107	
8/5/2011	27.9	5.9	14.7		116	
8/6/2011	28.8	8.7	17.0		178	
8/7/2011	28.8	8.7	17.0		178	
8/8/2011	28.8	8.7	17.0		178	
8/9/2011	28.8	8.7	17.0		178	
8/10/2011	28.8	8.7	17.0		178	
8/11/2011	30.9	7.1	15.3		138	
8/12/2011	30.9	8.6	15.3		98	
8/13/2011	30.9	8.6	15.3		98	
8/14/2011	30.9	8.6	15.3		98	
8/15/2011	30.9	8.6	15.3		98	
8/16/2011	30.9	8.6	15.3		98	
8/17/2011	30.9	8.6	15.3		98	
8/18/2011	28.0	6.0	22.6		244	
8/19/2011	28.2	7.5	15.7		178	
8/20/2011	29.5	7.2	13.7		142	
8/21/2011	23.0	4.6	12.2		111	
8/22/2011						
8/23/2011						
8/24/2011						
8/25/2011						
8/26/2011						
8/27/2011						
8/28/2011						
8/29/2011						
8/30/2011						
8/31/2011						
9/1/2011						
9/2/2011						
9/3/2011						
9/4/2011						
9/5/2011						
9/6/2011						
9/7/2011	33.7	10.6	27.0		196	
9/8/2011	33.7	9.8	21.9		169	
9/9/2011	33.7	9.8	21.3		160	
9/10/2011	33.9	8.7	21.5		147	
9/11/2011	33.9	8.7	21.4		178	
9/12/2011	33.9	8.7	21.4		178	
9/13/2011	30.3	14.2	22.7		267	
9/14/2011	33.7	5.2	20.4		200	
9/15/2011	33.7	6.4	20.9		173	
9/16/2011	33.4	9.7	23.3		204	
9/17/2011	33.9	8.7	21.8		156	
9/18/2011	34.3	8.9	21.8		124	
9/19/2011	34.3	9.8	24.6		209	
9/20/2011	34.6	10.9	22.6		236	
9/21/2011	35.9	8.0	22.8		173	
9/22/2011	35.9	8.0	22.8		173	
9/23/2011	35.9	8.0	22.8		173	
9/24/2011	35.9	8.0	22.8		173	
9/25/2011	35.9	8.0	22.8		173	
9/26/2011	35.9	8.0	22.8		173	
9/27/2011	35.9	8.0	22.8		173	
9/28/2011	35.9	8.0	22.8		173	
9/29/2011	32.8	13.8	22.6		169	
9/30/2011	34.3	14.1	26.9		164	
10/1/2011	34.3	14.1	26.9		164	
10/2/2011	34.3	14.1	26.9		164	
10/3/2011	31.4	22.3	27.2		200	
10/4/2011	31.4	22.3	27.2		200	
10/5/2011	31.4	22.3	27.2		200	
10/6/2011	31.4	22.3	27.2		200	
10/7/2011	33.7	14.6	27.9		293	
10/8/2011	33.7	14.9	25.1		267	
10/9/2011	33.4	16.0	24.9		271	
10/10/2011	33.4	11.4	23.6		249	
10/11/2011	33.5	11.1	23.8		187	
10/12/2011	33.5	11.1	23.8		187	
10/13/2011	33.5	11.1	23.8		187	
10/14/2011	33.5	11.1	23.8		187	
10/15/2011	33.5	11.1	23.8		187	
10/16/2011	33.5	11.1	23.8		187	
10/17/2011	33.5	11.1	23.8		187	
10/18/2011	35.9	11.7	21.9		280	
10/19/2011	32.3	9.4	18.4		271	
10/20/2011	33.6	4.5	20.9		244	
10/21/2011	36.0	10.1	24.7		200	
10/22/2011	38.2	12.1	26.3		213	
10/23/2011	38.7	14.9	25.0		124	
10/24/2011	38.7	16.8	25.2		311	
10/25/2011	36.6	14.5	23.1		289	
10/26/2011	33.4	14.3	23.4		293	
10/27/2011	32.6	15.3	20.8		142	
10/28/2011	32.6	15.3	20.8		142	
10/29/2011	31.3	17.8	22.0		200	
10/30/2011	29.9	13.7	22.6		231	
10/31/2011	32.5	13.1	24.0		222	
11/1/2011	35.3	13.8	25.2		213	
11/2/2011	36.8	14.3	25.8		244	
11/3/2011	37.0	15.2	26.6		289	
11/4/2011	37.0	14.6	22.4		236	
11/5/2011	33.1	11.1	22.4		222	
11/6/2011	34.7	8.0	23.2		218	
11/7/2011	37.1	10.0	24.6		209	
11/8/2011	38.9	12.1	26.1		156	
11/9/2011	38.9	15.0	26.7		191	
11/10/2011	37.0	17.6	25.7		209	
11/11/2011	36.7	16.1	25.2		276	
11/12/2011	36.7	15.8	26.4		276	
11/13/2011	26.9	14.8	19.8		222	
11/14/2011	36.5	11.1	24.2		244	
11/15/2011	36.5	10.6	24.5		258	
11/16/2011	36.4	12.3	25.3		222	
11/17/2011	35.5	18.3	26.2		311	
11/18/2011	33.9	17.7	23.8		271	
11/19/2011	32.0	19.2	24.4		213	
11/20/2011	31.8	18.1	22.9		156	
11/21/2011	31.8	16.7	24.5		222	
11/22/2011	32.6	16.8	24.6		209	
11/23/2011	32.6	12.2	22.8		227	
11/24/2011	34.4	9.6	23.3		253	
11/25/2011	35.7	13.5	24.2		196	
11/26/2011	35.7	15.6	25.1		178	
11/27/2011	34.6	15.2	25.6		120	
11/28/2011	33.9	17.5	25.9		196	
11/29/2011	35.1	16.0	25.3		178	
11/30/2011	35.1	16.6	24.2		173	
12/1/2011	33.4	18.4	25.1		187	
12/2/2011	35.1	18.7	26.1		129	
12/3/2011	35.1	16.5	25.2		204	
12/4/2011	33.6	17.9	22.5		191	
12/5/2011	30.2	17.1	19.3	0.0508	182	
12/6/2011	25.5	17.5	20.3		124	
12/7/2011	30.4	18.4	22.7		160	
12/8/2011	30.7	17.4	21.1		196	
12/9/2011	32.0	14.5	23.7		191	
12/10/2011	32.0	14.5	23.7		191	
12/11/2011	32.0	14.5	23.7		191	
12/12/2011	34.2	12.6	23.4		222	
12/13/2011	33.5	11.7	20.3		253	
12/14/2011	33.5	11.7	20.3		253	
12/15/2011	33.5	11.7	20.3		253	
12/16/2011	33.5	11.7	20.3		253	
12/17/2011	35.0	12.9	20.2		84	
12/18/2011	35.0	12.9	20.2		84	
12/19/2011	35.0	12.9	20.2		84	
12/20/2011	35.0	12.9	20.2		84	
12/21/2011	35.0	12.9	20.2		84	
12/22/2011	35.0	12.9	20.2		84	
12/23/2011	35.0	12.9	20.2		84	
12/24/2011	33.3	12.2	24.7		249	
12/25/2011	34.7	13.8	23.4		178	
12/26/2011	34.7	18.4	25.7		120	
12/27/2011	34.7	18.4	25.7		120	
12/28/2011	34.7	18.4	25.7		120	
12/29/2011	34.7	18.4	25.7		120	
12/30/2011	34.7	18.4	25.7		120	
12/31/2011	34.7	18.4	25.7		120	
1/1/2012	34.7	18.4	25.7		120	
1/2/2012	34.7	18.4	25.7		120	
1/3/2012	34.7	18.4	25.7		120	
1/4/2012	34.7	18.4	25.7		120	
1/5/2012	38.1	16.0	26.1	0.0762	258	
1/6/2012	37.3	18.9	25.4		133	
1/7/2012	37.3	17.1	25.3	0.0508	227	
1/8/2012	37.2	19.0	24.5	0.0254	187	
1/9/2012	36.6	15.6	25.2		107	
1/10/2012	36.6	16.6	25.8		178	
1/11/2012	35.7	18.1	24.7		191	
1/12/2012	35.7	16.9	23.6		240	
1/13/2012	31.3	16.0	21.0	0	116	
1/14/2012	32.4	17.9	23.3	0	204	
1/15/2012	32.4	17.7	20.6	0.0254	138	
1/16/2012	28.7	18.1	21.7	0.0762	222	
1/17/2012	29.6	17.8	20.8		213	
1/18/2012	29.6	16.3	18.3		222	
1/19/2012	27.1	16.0	18.9	0.0508	244	
1/20/2012	27.1	15.0	18.7		285	
1/21/2012	27.5	16.6	19.9		298	
1/22/2012	27.5	15.9	20.8		329	
1/23/2012	27.2	14.6	19.9		200	
1/24/2012	28.6	16.4	21.8		196	
1/25/2012	28.6	16.6	20.6		98	
1/26/2012	28.6	16.6	20.6		98	
1/27/2012	33.4	13.7	28.9		244	
1/28/2012	33.4	15.1	23.9		204	
1/29/2012	32.7	17.1	24.3		182	
1/30/2012	31.7	16.1	22.5		240	
1/31/2012	31.0	18.6	21.8	0	191	
2/1/2012	22.2	15.4	18.4	0	231	
2/2/2012	22.2	15.4	18.4		231	
2/3/2012	30.9	10.6	22.4		151	
2/4/2012	33.4	11.7	23.4		164	
2/5/2012	33.4	15.3	23.2		182	
2/6/2012	32.4	18.3	21.7	0.0254	89	
2/7/2012	29.8	18.3	21.8		204	
2/8/2012	29.8	17.3	20.8		89	
2/9/2012	29.0	17.9	22.6		116	
2/10/2012	29.0	16.5	21.0		200	
2/11/2012	28.3	15.0	20.8		116	
2/12/2012	29.5	15.5	21.8		147	
2/13/2012	29.5	15.5	21.8		147	
2/14/2012	32.2	12.2	25.9		178	
2/15/2012	32.2	14.7	23.7	0.0254	231	
2/16/2012	32.2	17.4	22.1	0.4318	76	
2/17/2012	30.3	18.0	21.9	0.6858	142	
2/18/2012	29.1	17.8	22.4	0.0508	173	
2/19/2012	29.1	17.8	22.4		173	
2/20/2012	29.1	17.8	22.4		173	
2/21/2012	29.1	17.8	23.1	0.4318	156	
2/22/2012	29.7	17.5	21.5	0	133	
2/23/2012	31.4	17.1	22.4		156	
2/24/2012	31.4	16.3	19.4	0.2286	200	
2/25/2012	29.0	14.8	21.3		133	
2/26/2012	29.0	16.7	20.7	0.2032	169	
2/27/2012	28.2	17.8	20.5		120	
2/28/2012	28.2	17.8	20.5		120	
2/29/2012	28.2	17.8	20.5		120	
3/1/2012	28.2	17.8	20.5		120	
3/2/2012	28.2	17.8	20.5		120	
3/3/2012	28.2	17.8	20.5		120	
3/4/2012	32.8	14.2	22.0		213	
3/5/2012	33.0	14.8	23.2		151	
3/6/2012	33.0	16.1	24.7	0.0508	204	
3/7/2012	32.7	15.2	20.4	0	164	
3/8/2012	32.4	15.8	19.4	0.1016	147	
3/9/2012	31.8	16.9	22.6	0	138	
3/10/2012	32.1	15.8	22.6		187	
3/11/2012	33.0	15.8	23.6		191	
3/12/2012	33.0	18.2	23.7	0	178	
3/13/2012	32.0	17.0	20.3	0.1270	302	
3/14/2012	29.6	16.3	19.8	0.3302	222	
3/15/2012	30.0	14.5	20.9	0	129	
3/16/2012	30.0	9.7	19.6		160	
3/17/2012	30.0	9.7	19.6		160	
3/18/2012	30.0	9.7	19.6		160	
3/19/2012	30.0	9.7	19.6		160	
3/20/2012	32.1	17.5	24.5	0.0508	209	
3/21/2012	32.7	16.1	22.3	0	156	
3/22/2012	32.7	16.7	24.7	0	231	
3/23/2012	32.7	14.7	23.6		133	
3/24/2012	32.1	15.9	21.3		147	
3/25/2012	30.9	16.9	22.6		196	
3/26/2012	29.7	17.5	22.8		271	
3/27/2012	29.7	16.0	19.2	0	156	
3/28/2012	28.4	13.3	22.3		187	
3/29/2012	29.1	11.9	20.7		116	
3/30/2012	29.1	8.8	18.6		178	
3/31/2012	29.1	8.8	18.6		178	
4/1/2012	29.1	8.8	18.6		178	
4/2/2012	30.0	10.8	23.8		196	
4/3/2012	30.0	9.7	18.2		151	
4/4/2012	29.9	10.9	20.0		147	
4/5/2012	29.5	8.9	20.7		182	
4/6/2012	30.5	12.4	20.7		116	
4/7/2012	30.5	13.0	20.7		133	
4/8/2012	30.8	12.2	18.2		67	
4/9/2012	32.5	12.5	22.1		160	
4/10/2012	32.5	11.4	21.7		204	
4/11/2012	32.7	12.9	22.7		151	
4/12/2012	32.7	12.9	22.7		151	
4/13/2012	32.7	12.9	22.7		151	
4/14/2012	32.7	12.9	22.7		151	
4/15/2012	32.7	12.9	22.7		151	
4/16/2012	32.7	12.9	22.7		151	
4/17/2012	32.7	12.9	22.7		151	
4/18/2012	32.7	12.9	22.7		151	
4/19/2012	32.7	12.9	22.7		151	
4/20/2012	32.7	12.9	22.7		151	
4/21/2012	32.7	12.9	22.7		151	
4/22/2012	30.6	9.6	18.6	0	138	
4/23/2012	30.6	7.1	17.1	0	200	
4/24/2012	30.5	9.3	19.5		164	
4/25/2012	30.3	9.8	19.9		227	
4/26/2012	29.8	9.1	18.1		204	
4/27/2012	31.1	10.8	21.3		120	
4/28/2012	31.1	10.8	21.3		120	
4/29/2012	31.1	10.8	21.3		120	
4/30/2012	31.1	10.8	21.3		120	
5/1/2012	32.3	8.5	16.7		116	
5/2/2012	32.5	8.8	17.6		89	
5/3/2012	32.5	8.0	17.1		80	
5/4/2012	32.6	8.0	16.5		142	
5/5/2012	16.0	10.2	13.7		89	
5/6/2012	32.6	9.0	17.5		142	
5/7/2012	32.5	9.3	20.7		253	
5/8/2012	30.6	11.3	20.1		231	
5/9/2012	29.8	11.6	18.5		244	
5/10/2012	28.2	8.5	18.4		213	
5/11/2012	28.4	7.9	18.1		258	
5/12/2012	28.4	6.5	17.0		173	
5/13/2012	28.1	5.7	16.9		169	
5/14/2012	28.8	7.1	18.1		84	
5/15/2012	29.2	7.3	18.9		196	
5/16/2012	29.2	7.4	17.1		160	
5/17/2012	28.1	10.1	17.7		93	
5/18/2012	28.5	4.8	16.3		124	
5/19/2012	29.2	5.6	17.2		133	
5/20/2012	29.5	6.3	17.8		124	
5/21/2012	29.5	6.9	17.3		156	
5/22/2012	29.5	5.8	18.4		156	
5/23/2012	29.3	8.0	18.6		178	
5/24/2012	28.6	5.1	18.2		187	
5/25/2012	28.4	5.8	17.6		156	
5/26/2012	28.5	6.2	17.6		160	
5/27/2012	28.5	5.4	17.6		151	
5/28/2012	28.3	4.3	16.1		133	
5/29/2012	27.4	5.7	16.5		107	
5/30/2012	27.7	6.4	17.5		133	
5/31/2012	27.7	7.3	16.9		178	
6/1/2012	26.6	7.1	16.8		231	
6/2/2012	26.3	8.7	16.6		324	
6/3/2012	24.9	6.2	15.4		311	
6/4/2012	24.9	5.4	14.9		262	
6/5/2012	24.6	6.1	15.0		160	
6/6/2012	25.5	3.5	14.8		133	
6/7/2012	26.6	3.5	10.8		124	
6/8/2012	26.6	2.8	10.9		227	
6/9/2012	26.6	2.8	10.9		227	
6/10/2012	26.6	2.8	10.9		227	
6/11/2012	24.0	3.8	11.4		276	
6/12/2012	23.9	2.0	12.8		262	
6/13/2012	25.1	3.8	14.9		196	
6/14/2012	25.1	3.8	14.9		196	
6/15/2012	25.7	4.8	16.7		276	
6/16/2012	25.7	4.8	16.7		276	
6/17/2012	25.1	1.3	11.2		164	
6/18/2012	24.4	-0.8	12.2		187	
6/19/2012	25.7	3.2	12.3		178	
6/20/2012	23.7	1.4	8.8		151	
6/21/2012	25.8	3.2	9.7		196	
6/22/2012	25.8	1.3	11.4		204	
6/23/2012	25.5	-1.0	10.9		102	
6/24/2012	23.6	-1.2	11.4		156	
6/25/2012	27.3	0.4	12.2		107	
6/26/2012	29.0	2.4	14.7		151	
6/27/2012	29.8	3.0	16.5		116	
6/28/2012	29.8	3.0	13.3		84	
6/29/2012	29.5	2.3	14.7		124	
6/30/2012	28.9	3.6	13.2		89	
7/1/2012	28.9	5.1	17.0		116	
7/2/2012	28.7	4.2	19.3		133	
7/3/2012	28.7	4.8	20.2		169	
7/4/2012	28.4	5.3	17.8		107	
7/5/2012	27.9	4.3	16.1		138	
7/6/2012	27.9	6.5	16.9		267	
7/7/2012	26.4	5.6	11.7		267	
7/8/2012	22.8	-0.3	10.8		280	
7/9/2012	24.0	1.8	11.4		262	
7/10/2012	26.0	1.3	12.9		156	
7/11/2012	27.3	3.2	16.2		178	
7/12/2012	27.3	6.3	15.7		133	
