   1   2   3   4   5   6  10  11  12  13  14  15  16  18  24  25  26  27  29  30
  31  37  41  42  43  44  45  46  48  50  51  52  53  54  55  56  57  59  60  64
  65  66  67  71  72  73  74  75  76  77  78  81  83  84  85  86  88  92  93  94
  96  98  99 102 103 104 105 106 107 108 110 117 125 126 127 128 134                            
                                                                                
  38  39  40  49                                                                
   1   2   3   4   5   6   7   8   9  10  11  12  13  14  15  16  17            
  68 117  69  37  48  38  49  31 108  76  77  72  15  83  70 118 119  26  27  73  77      
                                                                                
   4  26  31  27  37  48  38  49  13 118 119  73  76  77   1   2   2 118  73  27 119 
  53  54  55  56  57  43  68  69  70  38  76  77  39  42                 
   1   0   1   1   1   1   1   0   0   1   0   0   0   0   1   0   1   0   0   0      
   1   0   1   1   0   0   0   0   0   0   0   0   0   0   0   1   0   0   0                
                                       0                                        


