Date	Air Temp Max(ºC)	Air Temp Min(ºC)	Air Temp Avg(ºC)	WindSp (km/day)	
1/1/2006	35.0	22.0	28.5	204	
1/2/2006	35.0	22.0	28.1	244	
1/3/2006	35.0	19.0	28.1	204	
1/4/2006	36.0	23.0	28.7	204	
1/5/2006	36.0	22.0	28.3	267	
1/6/2006	32.0	20.0	25.4	244	
1/7/2006	29.0	19.0	22.6	302	
1/8/2006	29.0	18.0	23.4	151	
1/9/2006	34.0	21.0	27.9	147	
1/10/2006	35.0	24.0	29.6	244	
1/11/2006	36.0	22.0	29.8	227	
1/12/2006	37.0	23.0	30.3	236	
1/13/2006	36.0	22.0	29.7	302	
1/14/2006	35.0	19.0	26.6	267	
1/15/2006	33.0	20.0	26.3	200	
1/16/2006	31.0	18.0	24.7	200	
1/17/2006	32.0	22.0	26.9	311	
1/18/2006	34.0	22.0	26.6	267	
1/19/2006	31.0	21.0	24.9	204	
1/20/2006	33.0	19.0	24.4	236	
1/21/2006	30.0	20.0	23.1	111	
1/22/2006	32.0	20.0	25.6	142	
1/23/2006	32.0	19.0	24.8	209	
1/24/2006	34.0	21.0	27.8	196	
1/25/2006	33.0	22.0	26.1	302	
1/26/2006	33.0	20.0	25.4	298	
1/27/2006	31.0	21.0	25.4	169	
1/28/2006	33.0	22.0	26.8	178	
1/29/2006	33.0	22.0	27.6	160	
1/30/2006	34.0	21.0	28.5	169	
1/31/2006	34.0	23.0	28.7	280	
2/1/2006	33.0	21.0	27.5	333	
2/2/2006	31.0	21.0	25.8	258	
2/3/2006	32.0	22.0	25.8	196	
2/4/2006	31.0	18.0	23.9	191	
2/5/2006	30.0	18.0	23.9	200	
2/6/2006	28.0	19.0	20.9	262	
2/7/2006	27.0	19.0	21.8	200	
2/8/2006	30.0	17.0	23.6	151	
2/9/2006	32.0	19.0	24.8	133	
2/10/2006	32.0	19.0	24.7	200	
2/11/2006	33.0	19.0	26.1	156	
2/12/2006	34.0	20.0	26.9	138	
2/13/2006	34.0	18.0	26.7	93	
2/14/2006	35.0	19.0	27.8	147	
2/15/2006	34.0	22.0	27.7	262	
2/16/2006	34.0	21.0	27.7	227	
2/17/2006	34.0	22.0	27.8	289	
2/18/2006	34.0	21.0	28.1	173	
2/19/2006	34.0	21.0	27.2	187	
2/20/2006	31.0	20.0	24.9	169	
2/21/2006	31.0	20.0	24.7	164	
2/22/2006	31.0	20.0	25.1	227	
2/23/2006	30.0	20.0	25.2	342	
2/24/2006	24.0	19.0	20.9	124	
2/25/2006	25.0	18.0	21.7	169	
2/26/2006	29.0	19.0	24.3	138	
2/27/2006	30.0	20.0	25.1	160	
2/28/2006	30.0	18.0	25.0	107	
3/1/2006	31.0	21.0	24.9	151	
3/2/2006	29.0	19.0	23.8	142	
3/3/2006	28.0	17.0	22.6	213	
3/4/2006	29.0	16.0	22.8	236	
3/5/2006	29.0	17.0	22.6	373	
3/6/2006	28.0	16.0	21.9	218	
3/7/2006	30.0	15.0	22.6	120	
3/8/2006	28.0	15.0	22.4	173	
3/9/2006	31.0	15.0	23.8	138	
3/10/2006	33.0	18.0	25.8	187	
3/11/2006	34.0	19.0	26.8	169	
3/12/2006	31.0	18.0	24.8	280	
3/13/2006	28.0	16.0	21.4	267	
3/14/2006	26.0	14.0	20.1	276	
3/15/2006	32.0	19.0	24.8	129	
3/16/2006	31.0	20.0	24.8	302	
3/17/2006	31.0	19.0	23.7	178	
3/18/2006	32.0	18.0	24.7	182	
3/19/2006	32.0	19.0	25.0	138	
3/20/2006	32.0	20.0	25.7	142	
3/21/2006	33.0	19.0	25.8	124	
3/22/2006	31.0	18.0	24.2	213	
3/23/2006	31.0	18.0	25.2	182	
3/24/2006	32.0	17.0	23.9	173	
3/25/2006	32.0	17.0	24.7	227	
3/26/2006	33.0	18.0	24.4	200	
3/27/2006	29.0	17.0	23.1	156	
3/28/2006	30.0	14.0	22.7	178	
3/29/2006	32.0	16.0	23.8	285	
3/30/2006	31.0	15.0	22.4	302	
3/31/2006	31.0	17.0	22.7	227	
4/1/2006	32.0	18.0	25.3	240	
4/2/2006	30.0	16.0	23.7	240	
4/3/2006	30.0	16.0	23.6	258	
4/4/2006	30.0	16.0	23.3	213	
4/5/2006	30.0	14.0	22.2	178	
4/6/2006	31.0	14.0	22.7	164	
4/7/2006	32.0	18.0	24.4	133	
4/8/2006	31.0	17.0	23.2	173	
4/9/2006	30.0	17.0	21.9	204	
4/10/2006	30.0	15.0	21.3	267	
4/11/2006	31.0	13.0	21.8	156	
4/12/2006	30.0	12.0	21.8	124	
4/13/2006	30.0	12.0	22.6	133	
4/14/2006	30.0	15.0	23.2	120	
4/15/2006	30.0	17.0	22.3	142	
4/16/2006	23.0	17.0	19.8	138	
4/17/2006	24.0	13.0	18.4	191	
4/18/2006	19.0	15.0	16.7	200	
4/19/2006	26.0	16.0	18.8	293	
4/20/2006	28.0	16.0	21.6	307	
4/21/2006	24.0	10.0	17.1	351	
4/22/2006	21.0	8.0	14.4	169	
4/23/2006	18.0	9.0	13.3	160	
4/24/2006	22.0	6.0	13.5	160	
4/25/2006	27.0	8.0	17.8	187	
4/26/2006	28.0	10.0	19.6	236	
4/27/2006	28.0	11.0	19.4	178	
4/28/2006	28.0	11.0	19.2	129	
4/29/2006	27.0	12.0	18.9	116	
4/30/2006	27.0	8.0	17.3	71	
5/1/2006	28.0	11.0	18.7	253	
5/2/2006	27.0	8.0	17.2	285	
5/3/2006	23.0	4.0	13.8	67	
5/4/2006	26.0	5.0	15.8	76	
5/5/2006	27.0	9.0	17.3	204	
5/6/2006	23.0	4.0	14.1	116	
5/7/2006	23.0	7.0	14.9	204	
5/8/2006	26.0	5.0	15.6	156	
5/9/2006	27.0	5.0	16.6	102	
5/10/2006	26.0	5.0	14.8	44	
5/11/2006	26.0	7.0	16.3	116	
5/12/2006	28.0	7.0	16.9	98	
5/13/2006	26.0	9.0	17.9	120	
5/14/2006	26.0	8.0	16.3	98	
5/15/2006	27.0	9.0	17.8	173	
5/16/2006	25.0	10.0	15.8	44	
5/17/2006	25.0	7.0	16.1	160	
5/18/2006	23.0	6.0	14.9	213	
5/19/2006	19.0	12.0	14.3	311	
5/20/2006	15.0	6.0	10.3	249	
5/21/2006	13.0	3.0	7.8	151	
5/22/2006	18.0	0	8.3	107	
5/23/2006	18.0	0	9.7	142	
5/24/2006	19.0	2.0	10.1	178	
5/25/2006	23.0	0	11.3	182	
5/26/2006	25.0	2.0	13.3	169	
5/27/2006	25.0	3.0	13.4	107	
5/28/2006	23.0	1.0	12.0	44	
5/29/2006	23.0	2.0	10.8	116	
5/30/2006	26.0	3.0	11.5	58	
5/31/2006	19.0	9.0	13.2	156	
6/1/2006	23.0	6.0	12.3	102	
6/2/2006	25.0	5.0	13.6	62	
6/3/2006	23.0	6.0	13.9	129	
6/4/2006	25.0	4.0	15.0	227	
6/5/2006	21.0	7.0	11.4	173	
6/6/2006	24.0	3.0	12.9	160	
6/7/2006	25.0	4.0	12.8	107	
6/8/2006	24.0	6.0	15.4	147	
6/9/2006	24.0	4.0	11.5	142	
6/10/2006	26.0	6.0	15.0	169	
6/11/2006	27.0	5.0	15.1	160	
6/12/2006	18.0	4.0	9.7	111	
6/13/2006	16.0	6.0	12.0	178	
6/14/2006	20.0	0	9.7	209	
6/15/2006	22.0	2.0	11.1	164	
6/16/2006	28.0	2.0	12.9	93	
6/17/2006	27.0	7.0	15.8	98	
6/18/2006	26.0	7.0	17.0	84	
6/19/2006	26.0	5.0	14.8	62	
6/20/2006	26.0	6.0	14.3	67	
6/21/2006	23.0	6.0	12.4	102	
6/22/2006	20.0	3.0	11.5	182	
6/23/2006	17.0	2.0	9.3	164	
6/24/2006	20.0	0	9.4	142	
6/25/2006	23.0	1.0	12.6	222	
6/26/2006	25.0	7.0	15.7	316	
6/27/2006	22.0	7.0	14.1	191	
6/28/2006	15.0	1.0	7.6	71	
6/29/2006	17.0	1.0	8.7	200	
6/30/2006	20.0	4.0	10.6	302	
7/1/2006	21.0	6.0	13.3	227	
7/2/2006	23.0	4.0	13.2	178	
7/3/2006	24.0	4.0	10.4	133	
7/4/2006	26.0	7.0	17.2	160	
7/5/2006	26.0	4.0	11.0	102	
7/6/2006	25.0	6.0	11.9	107	
7/7/2006	22.0	4.0	14.4	138	
7/8/2006	26.0	2.0	14.2	116	
7/9/2006	27.0	5.0	16.4	236	
7/10/2006	24.0	6.0	14.7	236	
7/11/2006	24.0	5.0	12.3	169	
7/12/2006	24.0	5.0	12.6	138	
7/13/2006	22.0	5.0	11.6	200	
7/14/2006	17.0	1.0	8.8	89	
7/15/2006	20.0	1.0	10.3	98	
7/16/2006	23.0	0	9.7	53	
7/17/2006	26.0	0	9.4	84	
7/18/2006	24.0	2.0	9.3	93	
7/19/2006	24.0	2.0	11.3	116	
7/20/2006	28.0	8.0	15.2	191	
7/21/2006	19.0	7.0	11.5	173	
7/22/2006	17.0	0	8.7	80	
7/23/2006	17.0	0	8.7	133	
7/24/2006	22.0	2.0	8.5	93	
7/25/2006	26.0	0	9.5	67	
7/26/2006	26.0	0	13.1	98	
7/27/2006	27.0	8.0	15.4	213	
7/28/2006	26.0	9.0	17.6	324	
7/29/2006	25.0	5.0	15.0	160	
7/30/2006	25.0	6.0	14.7	187	
7/31/2006	25.0	6.0	12.5	302	
8/1/2006	13.0	2.0	7.3	178	
8/2/2006	14.0	-1.0	6.2	129	
8/3/2006	17.0	-1.0	8.1	98	
8/4/2006	21.0	0	8.9	107	
8/5/2006	23.0	1.0	12.4	160	
8/6/2006	29.0	3.0	14.4	124	
8/7/2006	28.0	1.0	14.1	129	
8/8/2006	26.0	4.0	12.7	124	
8/9/2006	26.0	2.0	11.6	151	
8/10/2006	28.0	7.0	15.5	187	
8/11/2006	28.0	7.0	14.2	178	
8/12/2006	28.0	3.0	16.0	169	
8/13/2006	29.0	6.0	16.4	133	
8/14/2006	28.0	8.0	14.4	289	
8/15/2006	16.0	3.0	8.3	151	
8/16/2006	21.0	0	9.5	111	
8/17/2006	25.0	2.0	13.8	191	
8/18/2006	27.0	5.0	16.1	142	
8/19/2006	28.0	6.0	16.7	98	
8/20/2006	30.0	6.0	18.1	156	
8/21/2006	23.0	5.0	13.9	307	
8/22/2006	19.0	2.0	10.9	120	
8/23/2006	19.0	5.0	12.4	93	
8/24/2006	21.0	4.0	13.1	111	
8/25/2006	23.0	6.0	15.1	124	
8/26/2006	26.0	7.0	17.1	142	
8/27/2006	28.0	8.0	19.1	138	
8/28/2006	30.0	9.0	19.9	191	
8/29/2006	30.0	9.0	19.9	191	
8/30/2006	20.0	11.0	14.1	222	
8/31/2006	26.0	6.0	13.6	249	
9/1/2006	27.0	6.0	16.4	222	
9/2/2006	29.0	12.0	20.2	204	
9/3/2006	29.0	7.0	19.1	200	
9/4/2006	29.0	8.0	18.7	244	
9/5/2006	29.0	10.0	20.7	293	
9/6/2006	29.0	10.0	20.7	293	
9/7/2006	29.0	10.0	20.7	293	
9/8/2006	28.0	18.0	22.2	316	
9/9/2006	29.0	11.0	21.0	262	
9/10/2006	31.0	11.0	21.7	187	
9/11/2006	32.0	12.0	20.4	178	
9/12/2006	33.0	12.0	23.8	191	
9/13/2006	31.0	13.0	21.9	102	
9/14/2006	34.0	13.0	24.8	102	
9/15/2006	31.0	16.0	23.0	173	
9/16/2006	28.0	9.0	19.0	120	
9/17/2006	21.0	8.0	14.7	196	
9/18/2006	24.0	8.0	16.3	213	
9/19/2006	28.0	6.0	17.7	133	
9/20/2006	29.0	7.0	19.7	147	
9/21/2006	31.0	12.0	21.4	142	
9/22/2006	31.0	9.0	21.8	142	
9/23/2006	33.0	13.0	23.3	182	
9/24/2006	33.0	10.0	22.7	107	
9/25/2006	28.0	12.0	20.2	173	
9/26/2006	26.0	11.0	18.1	196	
9/27/2006	31.0	8.0	21.4	178	
9/28/2006	35.0	14.0	24.9	191	
9/29/2006	36.0	16.0	25.7	142	
9/30/2006	35.0	13.0	25.9	182	
10/1/2006	29.0	15.0	22.4	187	
10/2/2006	27.0	10.0	17.4	271	
10/3/2006	18.0	7.0	12.7	218	
10/4/2006	22.0	7.0	13.4	187	
10/5/2006	32.0	18.0	24.8	209	
10/6/2006	32.0	13.0	22.5	213	
10/7/2006	34.0	20.0	26.3	404	
10/8/2006	34.0	16.0	24.0	267	
10/9/2006	26.0	9.0	17.7	253	
10/10/2006	26.0	9.0	17.7	253	
10/11/2006	25.0	14.0	18.2	67	
10/12/2006	25.0	14.0	18.2	67	
10/13/2006	33.0	20.0	26.5	253	
10/14/2006	34.0	16.0	24.3	271	
10/15/2006	33.0	18.0	25.0	293	
10/16/2006	33.0	16.0	25.6	120	
10/17/2006	34.0	18.0	26.1	124	
10/18/2006	35.0	15.0	26.6	133	
10/19/2006	36.0	18.0	28.1	98	
10/20/2006	36.0	18.0	28.1	227	
10/21/2006	35.0	20.0	28.2	173	
10/22/2006	37.0	18.0	28.7	151	
10/23/2006	38.0	19.0	29.9	156	
10/24/2006	37.0	21.0	29.8	204	
10/25/2006	34.0	19.0	27.3	222	
10/26/2006	31.0	20.0	25.1	178	
10/27/2006	36.0	19.0	25.2	365	
10/28/2006	34.0	17.0	25.7	311	
10/29/2006	35.0	19.0	25.2	240	
10/30/2006	34.0	14.0	24.2	240	
10/31/2006	30.0	15.0	22.1	111	
11/1/2006	27.0	18.0	20.8	156	
11/2/2006	29.0	13.0	21.1	285	
11/3/2006	28.0	8.0	19.4	120	
11/4/2006	32.0	11.0	23.1	156	
11/5/2006	33.0	11.0	24.5	249	
11/6/2006	32.0	18.0	24.0	285	
11/7/2006	35.0	17.0	25.7	356	
11/8/2006	35.0	18.0	26.2	222	
11/9/2006	35.0	19.0	27.4	240	
11/10/2006	36.0	19.0	27.7	182	
11/11/2006	35.0	18.0	28.1	169	
11/12/2006	35.0	18.0	26.5	244	
11/13/2006	32.0	14.0	24.1	116	
11/14/2006	35.0	19.0	26.8	147	
11/15/2006	35.0	17.0	26.8	182	
11/16/2006	34.0	18.0	22.6	289	
11/17/2006	34.0	16.0	23.4	156	
11/18/2006	36.0	18.0	26.5	204	
11/19/2006	36.0	21.0	28.6	218	
11/20/2006	36.0	20.0	28.2	222	
11/21/2006	34.0	19.0	27.3	173	
11/22/2006	36.0	21.0	28.1	227	
11/23/2006	37.0	20.0	27.3	147	
11/24/2006	36.0	20.0	27.2	253	
11/25/2006	36.0	20.0	29.1	227	
11/26/2006	39.0	20.0	31.4	213	
11/27/2006	36.0	23.0	28.6	267	
11/28/2006	34.0	22.0	28.0	187	
11/29/2006	34.0	22.0	28.0	187	
11/30/2006	34.0	22.0	28.0	187	
12/1/2006	34.0	22.0	28.0	187	
12/2/2006	34.0	22.0	28.0	187	
12/3/2006	36.0	21.0	30.2	387	
12/4/2006	32.0	14.0	23.9	213	
12/5/2006	35.0	19.0	27.8	222	
12/6/2006	39.0	19.0	30.5	222	
12/7/2006	35.0	21.0	28.3	227	
12/8/2006	34.0	20.0	27.2	218	
12/9/2006	34.0	18.0	25.4	320	
12/10/2006	29.0	12.0	21.6	213	
12/11/2006	34.0	19.0	27.1	227	
12/12/2006	37.0	19.0	29.5	222	
12/13/2006	38.0	24.0	31.6	262	
12/14/2006	38.0	23.0	27.2	120	
6/17/2008	17.0	11.0	14.0	267	
6/18/2008	21.0	6.0	11.8	182	
6/19/2008	22.0	3.0	8.1	102	
6/20/2008	19.0	0	10.0	80	
6/21/2008	19.0	0	9.4	49	
6/22/2008	22.0	1.0	12.1	133	
6/23/2008	17.0	4.0	8.0	116	
6/24/2008	17.0	4.0	8.0	116	
6/25/2008	17.0	4.0	8.0	116	
6/26/2008	24.0	9.0	15.2	44	
6/27/2008	24.0	3.0	11.8	80	
6/28/2008	24.0	3.0	12.0	71	
6/29/2008	24.0	0	12.7	40	
6/30/2008	24.0	4.0	13.6	133	
7/1/2008	25.0	3.0	13.8	156	
7/2/2008	24.0	5.0	11.4	129	
7/3/2008	16.0	2.0	8.4	133	
7/4/2008					
7/5/2008					
7/6/2008					
7/7/2008					
7/8/2008					
7/9/2008					
7/10/2008					
7/11/2008					
7/12/2008					
7/13/2008					
7/14/2008					
7/15/2008	27.0	10.0	19.4	213	
7/16/2008	12.0	5.0	9.0	98	
7/17/2008	12.0	5.0	9.0	98	
7/18/2008	24.0	12.0	18.1	240	
7/19/2008	24.0	5.0	14.1	142	
7/20/2008	23.0	5.0	13.6	142	
7/21/2008	25.0	5.0	14.8	178	
7/22/2008	26.0	6.0	16.1	240	
7/23/2008	25.0	8.0	16.4	289	
7/24/2008	26.0	7.0	16.3	178	
7/25/2008	26.0	7.0	14.1	124	
7/26/2008	25.0	5.0	15.1	111	
7/27/2008	24.0	4.0	12.7	116	
7/28/2008	24.0	2.0	15.4	76	
7/29/2008	27.0	5.0	15.1	156	
7/30/2008	27.0	7.0	15.9	200	
7/31/2008	27.0	5.0	16.1	133	
8/1/2008	26.0	4.0	15.8	84	
8/2/2008	27.0	5.0	15.7	84	
8/3/2008	12.0	5.0	9.1	89	
8/4/2008	12.0	5.0	9.1	89	
8/5/2008	28.0	12.0	20.5	138	
8/6/2008	26.0	8.0	17.9	151	
8/7/2008	18.0	6.0	10.0	36	
8/8/2008	27.0	6.0	20.2	160	
8/9/2008	24.0	6.0	14.8	258	
8/10/2008	25.0	10.0	17.1	373	
8/11/2008	24.0	9.0	16.4	311	
8/12/2008	27.0	9.0	17.2	236	
8/13/2008	28.0	8.0	17.5	173	
3/12/2009	25.0	13.0	19.6	200	
3/13/2009	26.0	13.0	19.7	111	
3/14/2009	26.0	15.0	20.7	120	
3/15/2009	28.0	14.0	20.9	129	
3/16/2009	28.0	15.0	21.1	142	
3/17/2009	27.0	15.0	20.9	156	
3/18/2009	27.0	14.0	20.3	160	
3/19/2009	24.0	9.0	16.3	124	
3/20/2009	26.0	8.0	19.4	124	
3/21/2009	27.0	9.0	18.9	164	
3/22/2009	28.0	11.0	21.0	124	
3/23/2009	28.0	7.0	17.6	93	
3/24/2009	28.0	8.0	19.3	93	
3/25/2009	28.0	11.0	20.6	67	
3/26/2009	29.0	13.0	22.7	164	
3/27/2009	28.0	10.0	18.9	164	
3/28/2009	29.0	9.0	21.1	124	
3/29/2009	29.0	14.0	21.4	187	
3/30/2009	29.0	13.0	20.1	191	
3/31/2009	29.0	14.0	22.7	164	
4/1/2009	28.0	13.0	20.8	209	
4/2/2009	28.0	11.0	20.4	200	
4/3/2009	27.0	16.0	21.8	253	
4/4/2009	27.0	12.0	19.7	173	
4/5/2009	26.0	10.0	19.9	129	
4/6/2009	27.0	9.0	18.9	120	
4/7/2009	27.0	12.0	21.1	191	
4/8/2009	28.0	9.0	19.1	178	
4/9/2009	28.0	9.0	19.1	178	
4/10/2009	28.0	12.0	20.4	156	
4/11/2009	28.0	13.0	20.1	169	
4/12/2009	27.0	9.0	17.7	138	
4/13/2009	28.0	9.0	19.4	116	
4/14/2009	29.0	9.0	20.0	107	
4/15/2009	20.0	10.0	13.2	93	
4/16/2009					
4/17/2009					
4/18/2009					
4/19/2009					
4/20/2009					
4/21/2009					
4/22/2009					
4/23/2009					
4/24/2009					
4/25/2009					
4/26/2009					
4/27/2009					
4/28/2009					
4/29/2009					
4/30/2009					
5/1/2009					
5/2/2009					
5/3/2009					
5/4/2009					
5/5/2009					
5/6/2009					
5/7/2009					
5/8/2009					
5/9/2009					
5/10/2009					
5/11/2009					
5/12/2009					
5/13/2009					
5/14/2009					
5/15/2009					
5/16/2009					
5/17/2009					
5/18/2009					
5/19/2009					
5/20/2009					
5/21/2009					
5/22/2009					
5/23/2009					
5/24/2009					
5/25/2009					
5/26/2009					
5/27/2009					
5/28/2009					
5/29/2009					
5/30/2009					
5/31/2009					
6/1/2009					
6/2/2009					
6/3/2009					
6/4/2009					
6/5/2009					
6/6/2009					
6/7/2009					
6/8/2009					
6/9/2009					
6/10/2009					
6/11/2009					
6/12/2009					
6/13/2009					
6/14/2009					
6/15/2009					
6/16/2009					
6/17/2009					
6/18/2009					
6/19/2009					
6/20/2009					
6/21/2009					
6/22/2009					
6/23/2009	17.0	4.0	12.4	271	
6/24/2009	19.0	0	8.8	80	
6/25/2009	20.0	0	8.8	98	
6/26/2009	18.0	-1.0	8.5	102	
6/27/2009	19.0	0	9.0	98	
6/28/2009	21.0	0	11.3	138	
6/29/2009	21.0	1.0	11.4	173	
6/30/2009	23.0	3.0	13.4	253	
7/1/2009	22.0	10.0	15.3	311	
7/2/2009	22.0	5.0	13.5	209	
7/3/2009	22.0	5.0	14.3	200	
7/4/2009	21.0	5.0	13.5	218	
7/5/2009	21.0	4.0	11.2	169	
7/6/2009	21.0	4.0	11.2	169	
7/7/2009	21.0	4.0	11.2	169	
7/8/2009	21.0	4.0	11.2	169	
7/9/2009	21.0	4.0	11.2	169	
7/10/2009	23.0	12.0	16.8	218	
7/11/2009	16.0	3.0	11.3	218	
7/12/2009	16.0	0	7.1	76	
7/13/2009	19.0	1.0	9.9	227	
7/14/2009	10.0	1.0	4.2	89	
7/15/2009	15.0	-2.0	3.9	89	
7/16/2009	18.0	-2.0	11.6	191	
7/17/2009	21.0	6.0	13.6	182	
7/18/2009	23.0	1.0	13.2	160	
7/19/2009	23.0	5.0	15.2	253	
7/20/2009	23.0	4.0	14.6	191	
7/21/2009	23.0	4.0	12.8	151	
7/22/2009	24.0	4.0	14.7	120	
7/23/2009	16.0	3.0	9.5	142	
7/24/2009	16.0	-2.0	7.2	191	
7/25/2009	18.0	-1.0	8.2	218	
7/26/2009	18.0	2.0	6.7	271	
7/27/2009	22.0	5.0	13.7	409	
7/28/2009	26.0	10.0	15.7	289	
7/29/2009	27.0	7.0	16.6	200	
7/30/2009	24.0	9.0	16.4	209	
7/31/2009	15.0	5.0	9.4	249	
8/1/2009	16.0	3.0	10.3	89	
8/2/2009	19.0	-1.0	9.3	120	
8/3/2009	25.0	1.0	12.2	160	
8/4/2009	29.0	7.0	19.4	227	
8/5/2009	25.0	3.0	14.1	120	
8/6/2009	24.0	2.0	14.6	120	
8/7/2009	29.0	3.0	17.7	133	
8/8/2009	30.0	10.0	19.8	231	
8/9/2009	19.0	14.0	15.8	231	
8/10/2009	29.0	9.0	20.1	187	
8/11/2009	29.0	8.0	20.6	187	
8/12/2009	25.0	7.0	15.5	120	
8/13/2009	20.0	5.0	12.9	147	
8/14/2009	28.0	3.0	16.1	164	
8/15/2009	30.0	6.0	18.2	111	
8/16/2009	15.0	12.0	13.8	142	
8/17/2009	26.0	17.0	21.0	178	
8/18/2009	25.0	10.0	14.7	173	
8/19/2009	15.0	7.0	10.9	218	
8/20/2009	19.0	2.0	9.9	236	
8/21/2009	25.0	3.0	17.7	182	
8/22/2009	29.0	11.0	21.0	173	
8/23/2009	29.0	5.0	15.7	84	
8/24/2009	29.0	5.0	15.7	84	
8/25/2009	29.0	5.0	15.7	84	
8/26/2009	29.0	5.0	15.7	84	
8/27/2009	29.0	5.0	15.7	84	
8/28/2009	29.0	5.0	15.7	84	
8/29/2009	29.0	5.0	15.7	84	
8/30/2009	29.0	5.0	15.7	84	
8/31/2009	29.0	5.0	15.7	84	
9/1/2009	32.0	9.0	25.3	147	
9/2/2009	30.0	16.0	24.4	116	
9/3/2009	30.0	10.0	23.0	227	
9/4/2009	34.0	10.0	22.6	142	
9/5/2009	33.0	9.0	22.2	240	
9/6/2009	33.0	13.0	23.7	231	
9/7/2009	33.0	12.0	22.2	231	
9/8/2009	23.0	7.0	15.9	147	
9/9/2009	20.0	4.0	13.6	173	
9/10/2009	24.0	7.0	16.4	107	
9/11/2009	24.0	11.0	16.1	151	
9/12/2009	24.0	11.0	16.1	151	
9/13/2009	33.0	22.0	28.4	231	
9/14/2009	34.0	19.0	25.1	307	
9/15/2009	27.0	11.0	19.8	98	
9/16/2009	29.0	12.0	20.1	93	
9/17/2009	25.0	8.0	17.7	160	
9/18/2009	23.0	8.0	17.1	222	
9/19/2009	23.0	8.0	17.1	222	
9/20/2009	31.0	15.0	22.4	133	
9/21/2009	35.0	11.0	23.6	173	
9/22/2009	33.0	12.0	23.7	200	
9/23/2009	33.0	12.0	25.9	138	
9/24/2009	34.0	19.0	29.1	445	
9/25/2009	30.0	16.0	24.6	173	
9/26/2009	33.0	10.0	23.7	142	
9/27/2009	31.0	12.0	22.3	178	
9/28/2009	30.0	12.0	22.1	187	
9/29/2009	34.0	17.0	25.3	196	
9/30/2009	33.0	19.0	27.2	173	
10/1/2009	33.0	17.0	27.4	169	
10/2/2009	31.0	17.0	22.1	244	
10/3/2009	28.0	13.0	19.6	116	
10/4/2009	31.0	11.0	21.1	89	
10/5/2009	32.0	13.0	22.5	120	
10/6/2009	34.0	11.0	23.1	156	
10/7/2009	34.0	10.0	22.9	102	
10/8/2009	32.0	11.0	23.1	107	
10/9/2009	33.0	20.0	28.4	173	
10/10/2009	29.0	18.0	22.5	116	
10/11/2009	32.0	15.0	23.3	293	
10/12/2009	26.0	10.0	17.9	169	
10/13/2009	32.0	8.0	21.8	133	
10/14/2009	37.0	12.0	26.1	271	
10/15/2009	29.0	16.0	23.1	138	
10/16/2009	31.0	13.0	21.8	151	
10/17/2009	31.0	13.0	21.8	151	
10/18/2009	31.0	13.0	21.8	151	
10/19/2009	31.0	13.0	21.8	151	
10/20/2009	31.0	13.0	21.8	151	
10/21/2009	31.0	13.0	21.8	151	
10/22/2009	32.0	26.0	29.6	169	
10/23/2009	36.0	24.0	30.3	222	
10/24/2009	29.0	20.0	25.7	262	
10/25/2009	35.0	17.0	27.6	196	
10/26/2009	35.0	17.0	26.3	231	
10/27/2009	33.0	16.0	25.3	138	
10/28/2009	32.0	16.0	25.3	196	
10/29/2009	32.0	16.0	24.8	236	
10/30/2009	32.0	16.0	24.8	236	
10/31/2009	32.0	16.0	24.8	236	
11/1/2009	32.0	16.0	24.8	236	
11/2/2009	35.0	20.0	28.7	191	
11/3/2009	36.0	15.0	27.6	187	
11/4/2009	35.0	20.0	28.0	302	
11/5/2009	33.0	12.0	24.7	116	
11/6/2009	33.0	12.0	24.7	116	
11/7/2009	33.0	12.0	24.7	116	
11/8/2009	33.0	12.0	24.7	116	
11/9/2009	23.0	13.0	18.9	129	
11/10/2009	28.0	8.0	19.3	89	
11/11/2009	29.0	12.0	21.4	142	
11/12/2009	29.0	10.0	21.9	187	
11/13/2009	30.0	13.0	22.7	160	
11/14/2009	29.0	12.0	22.1	182	
11/15/2009	31.0	10.0	22.4	129	
11/16/2009	33.0	14.0	26.5	213	
11/17/2009	34.0	15.0	25.9	320	
11/18/2009	32.0	18.0	24.7	244	
11/19/2009	28.0	11.0	20.9	196	
11/20/2009	28.0	11.0	20.9	222	
11/21/2009	29.0	12.0	21.8	227	
11/22/2009	30.0	13.0	23.4	218	
11/23/2009	32.0	16.0	25.2	293	
11/24/2009	33.0	19.0	26.7	316	
11/25/2009	36.0	21.0	29.6	236	
11/26/2009	35.0	23.0	31.1	227	
11/27/2009	36.0	22.0	29.3	218	
11/28/2009	35.0	21.0	29.6	187	
11/29/2009	29.0	22.0	25.1	107	
11/30/2009	29.0	22.0	25.1	107	
12/1/2009	34.0	22.0	29.4	329	
12/2/2009	33.0	12.0	24.6	84	
12/3/2009					
12/4/2009					
12/5/2009					
12/6/2009					
12/7/2009					
12/8/2009					
12/9/2009					
12/10/2009					
12/11/2009					
12/12/2009					
12/13/2009					
12/14/2009					
12/15/2009					
12/16/2009					
12/17/2009					
12/18/2009					
12/19/2009					
12/20/2009					
12/21/2009					
12/22/2009					
12/23/2009					
12/24/2009					
12/25/2009					
12/26/2009					
12/27/2009					
12/28/2009	32.0	24.0	28.0	311	
12/29/2009	33.0	20.0	28.2	182	
12/30/2009	37.0	21.0	28.2	249	
12/31/2009	32.0	20.0	27.3	191	
1/1/2010	22.0	19.0	20.2	311	
1/2/2010	27.0	17.0	20.8	293	
1/3/2010	32.0	18.0	25.0	187	
1/4/2010	32.0	22.0	27.3	209	
1/5/2010	34.0	22.0	28.7	240	
1/6/2010	35.0	20.0	28.8	191	
1/7/2010	34.0	23.0	28.8	196	
1/8/2010	34.0	21.0	27.6	218	
1/9/2010	31.0	20.0	23.9	280	
1/10/2010	33.0	18.0	25.9	156	
1/11/2010	35.0	23.0	30.3	142	
1/12/2010	33.0	26.0	29.8	369	
1/13/2010	33.0	21.0	26.2	276	
1/14/2010	32.0	19.0	25.2	222	
1/15/2010	32.0	19.0	25.4	111	
1/16/2010	35.0	21.0	28.6	111	
1/17/2010	36.0	21.0	27.6	213	
1/18/2010	32.0	19.0	22.9	244	
1/19/2010	29.0	20.0	24.1	120	
1/20/2010	32.0	21.0	26.6	218	
1/21/2010	30.0	21.0	25.1	271	
1/22/2010	28.0	20.0	24.2	196	
1/23/2010	33.0	21.0	28.1	151	
1/24/2010	29.0	19.0	24.1	213	
1/25/2010	32.0	18.0	24.2	218	
1/26/2010	31.0	16.0	25.1	111	
1/27/2010	33.0	17.0	26.1	102	
1/28/2010	34.0	18.0	27.8	164	
1/29/2010	35.0	20.0	27.8	187	
1/30/2010	35.0	20.0	27.8	187	
1/31/2010	35.0	20.0	27.8	187	
2/1/2010	33.0	22.0	29.0	124	
2/2/2010	36.0	17.0	29.8	253	
2/3/2010	32.0	15.0	26.4	187	
2/4/2010	34.0	15.0	25.9	169	
2/5/2010	37.0	19.0	28.7	218	
2/6/2010	35.0	18.0	27.3	138	
2/7/2010	36.0	18.0	27.2	187	
2/8/2010	33.0	21.0	27.6	196	
2/9/2010	34.0	22.0	29.8	249	
2/10/2010	35.0	20.0	28.4	182	
2/11/2010	35.0	20.0	28.4	182	
2/12/2010	33.0	24.0	27.8	324	
2/13/2010	35.0	19.0	25.9	147	
2/14/2010	34.0	19.0	25.1	147	
2/15/2010	32.0	18.0	24.9	222	
2/16/2010	32.0	19.0	26.5	191	
2/17/2010	30.0	14.0	22.6	138	
2/18/2010	33.0	17.0	25.9	178	
2/19/2010	34.0	17.0	27.9	142	
2/20/2010	34.0	17.0	26.7	244	
2/21/2010	33.0	18.0	25.7	320	
2/22/2010	31.0	17.0	22.7	227	
2/23/2010	35.0	23.0	29.8	231	
2/24/2010	36.0	17.0	26.6	218	
2/25/2010	33.0	19.0	26.3	218	
2/26/2010	33.0	20.0	26.9	262	
2/27/2010	30.0	18.0	24.9	338	
2/28/2010	30.0	20.0	23.6	324	
3/1/2010	30.0	18.0	23.0	218	
3/2/2010	30.0	18.0	23.6	120	
3/3/2010	33.0	18.0	26.4	147	
3/4/2010	34.0	20.0	27.6	298	
3/5/2010	33.0	19.0	28.5	280	
3/6/2010	33.0	20.0	27.1	276	
3/7/2010	33.0	19.0	27.3	302	
3/8/2010	33.0	23.0	29.2	276	
3/9/2010	33.0	19.0	26.4	213	
3/10/2010	34.0	19.0	27.4	227	
3/11/2010	34.0	20.0	25.6	151	
3/12/2010	32.0	21.0	28.3	173	
3/13/2010	34.0	20.0	26.4	173	
3/14/2010	37.0	20.0	27.3	213	
3/15/2010	36.0	23.0	30.9	227	
3/16/2010	36.0	17.0	28.9	209	
3/17/2010	35.0	15.0	25.2	116	
3/18/2010	36.0	14.0	28.1	147	
3/19/2010	36.0	15.0	25.6	156	
3/20/2010	35.0	16.0	27.9	107	
3/21/2010	36.0	18.0	26.8	84	
3/22/2010	35.0	19.0	27.3	120	
3/23/2010	34.0	20.0	27.3	200	
3/24/2010	35.0	17.0	25.9	244	
3/25/2010	21.0	18.0	19.5	31	
3/26/2010	32.0	21.0	28.0	329	
3/27/2010	32.0	13.0	22.6	138	
3/28/2010	35.0	16.0	26.2	178	
3/29/2010	28.0	22.0	24.4	204	
3/30/2010	28.0	22.0	24.4	204	
3/31/2010	32.0	22.0	27.8	151	
4/1/2010	33.0	18.0	24.6	187	
4/2/2010	32.0	18.0	24.9	178	
4/3/2010	33.0	18.0	26.0	138	
4/4/2010	34.0	17.0	26.2	120	
4/5/2010	33.0	19.0	26.6	164	
4/6/2010	30.0	16.0	22.8	147	
4/7/2010	31.0	11.0	21.8	120	
4/8/2010	33.0	17.0	25.4	244	
4/9/2010	33.0	18.0	26.4	138	
4/10/2010	33.0	17.0	24.9	124	
4/11/2010	34.0	16.0	25.4	196	
4/12/2010	33.0	19.0	26.1	276	
4/13/2010	32.0	16.0	24.5	240	
4/14/2010	30.0	19.0	25.3	187	
4/15/2010	31.0	20.0	25.6	178	
4/16/2010	31.0	17.0	25.2	102	
4/17/2010	31.0	16.0	23.6	178	
4/18/2010	30.0	15.0	21.5	240	
4/19/2010	27.0	12.0	18.8	240	
4/20/2010	22.0	7.0	14.8	151	
4/21/2010	27.0	8.0	14.7	169	
4/22/2010	28.0	7.0	19.8	147	
4/23/2010	26.0	12.0	19.2	200	
4/24/2010	26.0	13.0	19.4	200	
4/25/2010	23.0	13.0	17.0	324	
4/26/2010	22.0	14.0	17.4	111	
4/27/2010	23.0	12.0	16.4	156	
4/28/2010	28.0	11.0	18.7	76	
4/29/2010	14.0	12.0	13.3	67	
4/30/2010	30.0	19.0	24.4	133	
5/1/2010	24.0	14.0	18.5	147	
5/2/2010	22.0	13.0	15.8	240	
5/3/2010	25.0	10.0	16.9	138	
5/4/2010	23.0	8.0	15.6	227	
5/5/2010	22.0	9.0	16.3	116	
5/6/2010	26.0	11.0	19.1	129	
5/7/2010	26.0	7.0	15.6	93	
5/8/2010	30.0	7.0	19.7	324	
5/9/2010	28.0	10.0	19.1	289	
5/10/2010	25.0	4.0	14.6	160	
5/11/2010	23.0	4.0	12.8	93	
5/12/2010	29.0	4.0	14.9	124	
5/13/2010	30.0	9.0	19.9	227	
5/14/2010	26.0	13.0	19.9	147	
5/15/2010	22.0	12.0	16.4	267	
5/16/2010	26.0	9.0	16.5	204	
5/17/2010	26.0	10.0	19.3	213	
5/18/2010	24.0	11.0	18.7	276	
5/19/2010	23.0	8.0	15.8	187	
5/20/2010	23.0	7.0	15.8	240	
5/21/2010	23.0	7.0	15.9	218	
5/22/2010	24.0	7.0	15.9	204	
5/23/2010	26.0	8.0	17.1	231	
5/24/2010	27.0	14.0	21.3	218	
5/25/2010	27.0	10.0	18.5	187	
5/26/2010	26.0	11.0	17.5	182	
5/27/2010	28.0	9.0	18.7	276	
5/28/2010	19.0	5.0	12.8	120	
5/29/2010	15.0	3.0	7.8	93	
5/30/2010	15.0	3.0	7.8	93	
5/31/2010	17.0	13.0	15.0	347	
6/1/2010	23.0	9.0	16.9	333	
6/2/2010	23.0	6.0	14.8	173	
6/3/2010	18.0	5.0	9.6	138	
6/4/2010	18.0	5.0	9.6	138	
6/5/2010	27.0	11.0	18.2	102	
6/6/2010	30.0	6.0	18.0	156	
6/7/2010	29.0	9.0	18.4	178	
6/8/2010	20.0	5.0	14.8	124	
6/9/2010	17.0	4.0	11.9	164	
6/10/2010	18.0	2.0	11.4	76	
6/11/2010	19.0	1.0	13.4	107	
6/12/2010	21.0	5.0	13.6	89	
6/13/2010	21.0	0	11.6	107	
6/14/2010	22.0	-1.0	13.0	298	
6/15/2010	10.0	0	5.1	213	
6/16/2010	11.0	-4.0	3.5	271	
6/17/2010	13.0	-1.0	6.7	285	
6/18/2010	17.0	-3.0	9.0	311	
6/19/2010	21.0	1.0	12.8	156	
6/20/2010	22.0	2.0	13.8	111	
6/21/2010	23.0	4.0	15.7	142	
6/22/2010	22.0	2.0	12.8	49	
6/23/2010	21.0	1.0	12.6	156	
6/24/2010	22.0	0	15.6	156	
6/25/2010	18.0	2.0	12.4	191	
6/26/2010	16.0	-4.0	8.2	129	
6/27/2010	15.0	-6.0	6.2	178	
6/28/2010	15.0	-2.0	5.3	293	
6/29/2010	15.0	-2.0	5.3	293	
6/30/2010	15.0	-2.0	5.3	293	
7/1/2010	15.0	-2.0	5.3	293	
7/2/2010	15.0	-2.0	5.3	293	
7/3/2010	21.0	8.0	14.6	204	
7/4/2010	21.0	8.0	14.6	204	
7/5/2010	21.0	8.0	14.6	204	
7/6/2010	22.0	10.0	16.1	173	
7/7/2010	20.0	5.0	12.2	178	
7/8/2010	19.0	12.0	16.7	369	
7/9/2010	19.0	5.0	9.6	267	
7/10/2010	22.0	8.0	14.5	356	
7/11/2010					
7/12/2010					
7/13/2010					
7/14/2010					
7/15/2010					
7/16/2010					
7/17/2010					
7/18/2010					
7/19/2010					
7/20/2010					
7/21/2010					
7/22/2010					
7/23/2010					
7/24/2010					
7/25/2010					
7/26/2010					
7/27/2010					
7/28/2010					
7/29/2010					
7/30/2010					
7/31/2010					
8/1/2010					
8/2/2010					
8/3/2010					
8/4/2010					
8/5/2010					
8/6/2010					
8/7/2010					
8/8/2010					
8/9/2010					
8/10/2010					
8/11/2010					
8/12/2010					
8/13/2010					
8/14/2010					
8/15/2010					
8/16/2010					
8/17/2010					
8/18/2010					
8/19/2010					
8/20/2010					
8/21/2010					
8/22/2010					
8/23/2010					
8/24/2010					
8/25/2010					
8/26/2010					
8/27/2010	30.0	11.0	21.0	76	
8/28/2010	32.0	8.0	21.5	36	
8/29/2010	34.0	11.0	25.9	302	
8/30/2010	34.0	12.0	23.0	227	
8/31/2010	33.0	11.0	22.2	124	
9/1/2010	33.0	11.0	22.7	120	
9/2/2010	31.0	10.0	21.1	93	
9/3/2010	33.0	7.0	21.7	84	
9/4/2010	35.0	8.0	24.2	129	
9/5/2010	36.0	14.0	27.9	164	
9/6/2010	31.0	12.0	24.5	209	
9/7/2010	31.0	12.0	24.5	209	
9/8/2010	33.0	18.0	25.1	151	
9/9/2010	17.0	14.0	15.0	71	
9/10/2010	29.0	18.0	23.7	209	
9/11/2010	33.0	16.0	24.4	129	
9/12/2010	35.0	14.0	26.6	271	
9/13/2010	33.0	16.0	25.3	244	
9/14/2010	35.0	15.0	25.2	196	
9/15/2010	35.0	15.0	26.0	142	
9/16/2010	31.0	17.0	23.4	156	
9/17/2010	36.0	16.0	25.9	111	
9/18/2010	35.0	18.0	27.3	191	
9/19/2010	31.0	16.0	22.8	169	
9/20/2010	24.0	10.0	16.7	276	
9/21/2010	23.0	5.0	14.8	93	
9/22/2010	31.0	6.0	21.7	200	
9/23/2010	36.0	12.0	24.0	249	
9/24/2010	35.0	10.0	23.0	164	
9/25/2010	36.0	12.0	24.4	156	
9/26/2010	28.0	15.0	20.6	200	
9/27/2010	26.0	7.0	16.8	204	
9/28/2010	32.0	6.0	21.7	164	
9/29/2010	36.0	15.0	25.2	249	
9/30/2010	35.0	16.0	26.1	209	
10/1/2010	36.0	15.0	28.0	138	
10/2/2010	36.0	19.0	28.2	209	
10/3/2010	36.0	19.0	28.2	209	
10/4/2010	34.0	24.0	28.7	298	
10/5/2010	37.0	19.0	30.1	182	
10/6/2010	39.0	21.0	30.4	209	
10/7/2010	38.0	21.0	30.2	160	
10/8/2010	35.0	18.0	27.2	124	
10/9/2010	38.0	18.0	28.2	231	
10/10/2010	34.0	15.0	24.3	249	
10/11/2010	32.0	11.0	22.4	98	
10/12/2010	32.0	14.0	22.8	129	
10/13/2010	32.0	13.0	21.9	280	
10/14/2010	24.0	8.0	16.5	173	
10/15/2010	24.0	8.0	16.6	209	
10/16/2010	30.0	11.0	20.7	231	
10/17/2010	37.0	14.0	25.9	187	
10/18/2010	37.0	14.0	26.3	196	
10/19/2010	33.0	16.0	24.3	98	
10/20/2010	37.0	13.0	26.6	262	
10/21/2010	35.0	17.0	27.6	173	
10/22/2010	34.0	19.0	26.6	293	
10/23/2010	32.0	15.0	21.6	249	
10/24/2010	28.0	10.0	19.7	231	
10/25/2010	27.0	10.0	18.4	173	
10/26/2010	33.0	11.0	21.6	187	
10/27/2010	28.0	24.0	26.0	311	
10/28/2010	28.0	11.0	21.4	213	
10/29/2010	28.0	11.0	21.4	213	
10/30/2010	36.0	24.0	31.8	236	
10/31/2010	36.0	24.0	31.8	236	
11/1/2010	36.0	24.0	31.8	236	
11/2/2010	36.0	24.0	31.8	236	
11/3/2010	36.0	17.0	27.0	133	
11/4/2010	36.0	17.0	27.0	133	
11/5/2010	31.0	17.0	24.0	231	
11/6/2010	28.0	16.0	25.0	173	
11/7/2010	38.0	18.0	24.4	187	
11/8/2010	37.0	23.0	33.2	409	
11/9/2010	37.0	23.0	33.2	409	
11/10/2010	37.0	23.0	33.2	409	
11/11/2010	37.0	23.0	33.2	409	
11/12/2010	37.0	23.0	33.2	409	
11/13/2010	37.0	23.0	33.2	409	
11/14/2010	37.0	23.0	33.2	409	
11/15/2010	20.0	19.0	19.3	267	
11/16/2010					
11/17/2010					
11/18/2010					
11/19/2010					
11/20/2010					
11/21/2010					
11/22/2010					
11/23/2010					
11/24/2010					
11/25/2010					
11/26/2010					
11/27/2010					
11/28/2010					
11/29/2010					
11/30/2010					
12/1/2010					
12/2/2010					
12/3/2010					
12/4/2010					
12/5/2010					
12/6/2010					
12/7/2010					
12/8/2010					
12/9/2010					
12/10/2010					
12/11/2010					
12/12/2010					
12/13/2010					
12/14/2010	34.0	25.0	28.6	249	
12/15/2010	34.0	19.0	26.2	329	
12/16/2010	33.0	13.0	21.1	164	
12/17/2010	35.0	14.0	26.5	347	
12/18/2010	35.0	16.0	26.6	378	
12/19/2010	36.0	18.0	27.9	147	
12/20/2010	38.0	18.0	28.5	142	
12/21/2010	39.0	17.0	29.7	173	
12/22/2010	38.0	19.0	29.1	244	
12/23/2010	37.0	26.0	33.4	342	
12/24/2010	37.0	18.0	28.2	182	
12/25/2010	36.0	18.0	28.2	129	
12/26/2010	39.0	19.0	31.0	178	
12/27/2010	40.0	21.0	32.9	182	
12/28/2010	39.0	24.0	29.9	276	
12/29/2010	37.0	22.0	28.6	244	
12/30/2010	37.0	22.0	26.9	262	
12/31/2010	30.0	21.0	24.5	200	
1/1/2011	34.0	19.0	27.3	267	
1/2/2011	34.0	21.0	26.8	160	
1/3/2011	33.0	22.0	26.8	249	
1/4/2011	36.0	22.0	27.8	316	
1/5/2011	29.0	22.0	24.2	53	
1/6/2011	29.0	22.0	24.2	53	
1/7/2011	35.0	19.0	28.2	89	
1/8/2011	35.0	19.0	28.2	89	
1/9/2011	35.0	19.0	28.2	89	
1/10/2011	35.0	19.0	28.2	89	
1/11/2011	31.0	26.0	28.8	98	
1/12/2011	37.0	24.0	29.6	253	
1/13/2011	35.0	20.0	27.4	311	
1/14/2011	36.0	20.0	28.4	200	
1/15/2011	35.0	22.0	28.9	182	
1/16/2011	36.0	21.0	27.6	227	
1/17/2011	35.0	20.0	28.9	209	
1/18/2011	33.0	21.0	27.8	289	
1/19/2011	28.0	20.0	24.7	187	
1/20/2011	30.0	17.0	23.0	213	
1/21/2011	33.0	20.0	25.6	142	
1/22/2011	29.0	19.0	23.1	249	
1/23/2011	30.0	16.0	22.7	160	
1/24/2011	33.0	21.0	25.6	151	
1/25/2011	33.0	20.0	25.1	209	
1/26/2011	33.0	21.0	27.2	133	
1/27/2011	35.0	21.0	28.2	160	
1/28/2011	35.0	22.0	28.4	196	
1/29/2011	34.0	21.0	27.5	156	
1/30/2011	35.0	21.0	25.8	169	
1/31/2011	31.0	19.0	23.9	191	
2/1/2011	31.0	19.0	24.6	187	
2/2/2011	31.0	19.0	23.9	289	
2/3/2011	29.0	18.0	21.9	240	
2/4/2011	22.0	19.0	20.5	133	
2/5/2011	27.0	18.0	21.4	222	
2/6/2011	28.0	19.0	23.4	156	
2/7/2011	30.0	20.0	24.7	164	
2/8/2011	31.0	19.0	24.4	173	
2/9/2011	33.0	15.0	24.4	240	
2/10/2011	32.0	18.0	24.6	120	
2/11/2011	32.0	19.0	25.6	142	
2/12/2011	33.0	21.0	27.3	151	
2/13/2011	34.0	20.0	28.7	93	
2/14/2011	30.0	21.0	26.1	196	
2/15/2011	34.0	21.0	28.1	107	
2/16/2011	32.0	20.0	28.6	129	
2/17/2011	33.0	21.0	28.9	129	
2/18/2011	33.0	18.0	26.3	156	
2/19/2011	32.0	17.0	24.8	111	
2/20/2011	34.0	16.0	26.3	107	
2/21/2011	35.0	18.0	27.7	111	
2/22/2011	33.0	20.0	26.1	160	
2/23/2011	30.0	20.0	23.1	160	
2/24/2011	33.0	18.0	23.6	151	
2/25/2011	32.0	17.0	23.2	151	
2/26/2011	31.0	18.0	24.4	129	
2/27/2011	32.0	18.0	25.2	178	
2/28/2011	33.0	18.0	25.9	138	
3/1/2011	33.0	19.0	26.3	133	
3/2/2011	31.0	18.0	23.2	182	
3/3/2011	30.0	17.0	22.6	147	
3/4/2011	30.0	18.0	24.1	249	
3/5/2011	29.0	18.0	23.6	200	
3/6/2011	26.0	19.0	21.7	156	
3/7/2011	27.0	18.0	21.8	298	
3/8/2011	28.0	18.0	21.7	200	
3/9/2011	31.0	17.0	23.7	240	
3/10/2011	33.0	17.0	24.8	169	
3/11/2011	35.0	18.0	26.8	102	
3/12/2011	33.0	20.0	24.9	142	
3/13/2011	25.0	18.0	20.7	116	
3/14/2011	27.0	18.0	22.4	76	
3/15/2011	32.0	18.0	25.4	93	
3/16/2011	23.0	18.0	19.9	178	
3/17/2011	30.0	19.0	25.6	147	
3/18/2011	31.0	18.0	23.6	133	
3/19/2011	30.0	19.0	24.3	138	
3/20/2011	31.0	19.0	24.0	164	
3/21/2011	32.0	18.0	24.7	204	
3/22/2011	28.0	19.0	23.1	129	
3/23/2011	33.0	19.0	25.6	76	
3/24/2011	29.0	18.0	22.8	142	
3/25/2011	31.0	18.0	23.8	116	
3/26/2011	31.0	18.0	23.4	138	
3/27/2011	31.0	19.0	23.9	102	
3/28/2011	31.0	20.0	24.9	151	
3/29/2011	32.0	19.0	24.8	173	
3/30/2011	33.0	19.0	25.6	156	
3/31/2011	33.0	18.0	24.8	120	
4/1/2011	33.0	18.0	24.2	124	
4/2/2011	31.0	18.0	23.3	84	
4/3/2011	31.0	14.0	23.1	93	
4/4/2011	30.0	14.0	22.7	151	
4/5/2011	30.0	15.0	21.1	249	
4/6/2011	30.0	15.0	20.9	164	
4/7/2011	26.0	12.0	15.9	93	
4/8/2011	26.0	12.0	15.9	93	
4/9/2011	26.0	12.0	15.9	93	
4/10/2011	26.0	12.0	15.9	93	
4/11/2011	26.0	12.0	15.9	93	
4/12/2011	31.0	17.0	23.9	71	
4/13/2011	28.0	13.0	19.3	67	
4/14/2011	32.0	12.0	22.4	178	
4/15/2011	28.0	15.0	20.1	204	
4/16/2011	29.0	13.0	20.9	169	
4/17/2011	29.0	14.0	19.5	204	
4/18/2011	29.0	14.0	20.4	178	
4/19/2011	29.0	15.0	19.9	124	
4/20/2011	24.0	13.0	17.9	213	
4/21/2011	25.0	13.0	18.6	129	
4/22/2011	27.0	13.0	19.2	147	
4/23/2011	30.0	13.0	20.4	160	
4/24/2011	29.0	13.0	21.1	187	
4/25/2011	29.0	12.0	19.7	124	
4/26/2011	26.0	11.0	17.8	120	
4/27/2011	23.0	7.0	15.2	160	
4/28/2011	23.0	8.0	15.8	182	
4/29/2011	31.0	10.0	21.0	213	
4/30/2011	31.0	10.0	21.0	213	
5/1/2011	31.0	10.0	21.0	213	
5/2/2011	31.0	10.0	21.0	213	
5/3/2011	30.0	17.0	23.5	111	
5/4/2011	29.0	15.0	20.6	129	
5/5/2011	18.0	13.0	15.4	191	
5/6/2011	27.0	11.0	17.7	138	
5/7/2011	24.0	9.0	15.2	93	
5/8/2011	29.0	8.0	16.3	138	
5/9/2011	30.0	15.0	23.6	178	
5/10/2011	30.0	14.0	22.3	200	
5/11/2011	29.0	12.0	18.8	147	
5/12/2011	28.0	13.0	18.5	129	
5/13/2011	27.0	11.0	17.7	147	
5/14/2011	27.0	8.0	15.7	213	
5/15/2011	21.0	8.0	14.3	138	
5/16/2011	23.0	5.0	13.9	98	
5/17/2011	25.0	6.0	15.0	80	
5/18/2011	28.0	9.0	17.2	116	
5/19/2011	28.0	6.0	16.6	98	
5/20/2011	28.0	7.0	16.6	80	
5/21/2011	10.0	8.0	9.4	80	
5/22/2011	25.0	13.0	16.7	84	
5/23/2011	27.0	11.0	17.9	191	
5/24/2011	25.0	8.0	15.4	267	
5/25/2011	17.0	3.0	8.9	138	
5/26/2011	18.0	3.0	9.9	182	
5/27/2011	7.0	3.0	5.0	138	
5/28/2011	25.0	6.0	16.9	169	
5/29/2011	23.0	0	10.2	93	
5/30/2011	23.0	0	10.6	80	
5/31/2011	19.0	0	8.3	71	
6/1/2011	21.0	0	10.2	169	
6/2/2011	27.0	1.0	12.6	156	
6/3/2011	25.0	11.0	20.1	147	
6/4/2011	26.0	5.0	17.0	84	
6/5/2011	22.0	3.0	11.4	84	
6/6/2011	23.0	1.0	9.8	89	
6/7/2011	15.0	0	7.8	227	
6/8/2011	17.0	2.0	9.9	147	
6/9/2011	18.0	1.0	9.4	80	
6/10/2011	22.0	3.0	11.3	67	
6/11/2011	26.0	4.0	14.4	129	
6/12/2011	26.0	5.0	13.6	58	
6/13/2011	24.0	4.0	11.1	44	
6/14/2011	29.0	8.0	19.8	213	
6/15/2011	26.0	6.0	14.1	231	
6/16/2011	24.0	1.0	11.4	156	
6/17/2011	20.0	0	10.7	147	
6/18/2011	28.0	1.0	13.6	151	
6/19/2011	26.0	6.0	14.9	89	
6/20/2011	25.0	5.0	15.7	107	
6/21/2011	28.0	10.0	19.6	187	
6/22/2011	28.0	6.0	15.8	196	
6/23/2011	21.0	5.0	11.7	116	
6/24/2011	15.0	0	5.9	67	
6/25/2011	14.0	-3.0	2.8	102	
6/26/2011	21.0	4.0	12.2	160	
6/27/2011	26.0	0	10.0	89	
6/28/2011	25.0	1.0	11.2	164	
6/29/2011	24.0	1.0	11.2	129	
6/30/2011	18.0	0	7.0	129	
7/1/2011	8.0	4.0	5.5	22	
7/2/2011	25.0	0	11.3	151	
7/3/2011	3.0	-2.0	0.3	36	
7/4/2011	20.0	4.0	12.1	71	
7/5/2011	16.0	0	7.7	156	
7/6/2011	18.0	0	8.8	244	
7/7/2011	21.0	0	9.6	200	
7/8/2011	23.0	0	8.3	231	
7/9/2011	24.0	13.0	19.2	418	
7/10/2011					
7/11/2011					
7/12/2011					
7/13/2011					
7/14/2011					
7/15/2011					
7/16/2011					
7/17/2011					
7/18/2011					
7/19/2011					
7/20/2011					
7/21/2011					
7/22/2011					
7/23/2011					
7/24/2011					
7/25/2011	17.0	5.0	11.0	213	
7/26/2011	16.0	0	7.9	120	
7/27/2011	12.0	1.0	4.3	160	
7/28/2011	18.0	3.0	12.7	187	
7/29/2011	18.0	0	9.1	142	
7/30/2011	21.0	1.0	10.6	289	
7/31/2011	24.0	1.0	12.2	280	
8/1/2011	24.0	2.0	13.4	227	
8/2/2011	27.0	10.0	18.1	173	
8/3/2011	28.0	5.0	14.9	182	
8/4/2011	30.0	7.0	17.7	253	
8/5/2011	15.0	5.0	10.6	178	
8/6/2011	18.0	3.0	8.9	196	
8/7/2011	21.0	0	7.5	116	
8/8/2011	21.0	0	7.5	116	
8/9/2011	30.0	9.0	18.6	116	
8/10/2011	30.0	9.0	9.3	44	
8/11/2011	28.0	8.0	12.7	102	
8/12/2011	26.0	6.0	11.8	116	
8/13/2011	26.0	6.0	11.8	116	
8/14/2011	26.0	6.0	11.8	116	
8/15/2011	26.0	6.0	11.8	116	
8/16/2011	26.0	6.0	11.8	116	
8/17/2011	26.0	6.0	11.8	116	
8/18/2011	28.0	10.0	20.3	427	
8/19/2011	19.0	4.0	10.5	80	
8/20/2011	27.0	3.0	11.1	102	
8/21/2011	22.0	5.0	10.2	169	
8/22/2011	20.0	8.0	13.5	311	
8/23/2011	7.0	4.0	5.4	347	
8/24/2011					
8/25/2011					
8/26/2011					
8/27/2011					
8/28/2011					
8/29/2011					
8/30/2011					
8/31/2011					
9/1/2011					
9/2/2011					
9/3/2011					
9/4/2011					
9/5/2011					
9/6/2011					
9/7/2011	33.0	17.0	26.5	218	
9/8/2011	34.0	14.0	23.1	182	
9/9/2011	34.0	11.0	22.7	111	
9/10/2011	33.0	8.0	20.7	84	
9/11/2011	33.0	9.0	21.0	160	
9/12/2011	12.0	8.0	9.7	22	
9/13/2011	25.0	12.0	19.8	138	
9/14/2011	28.0	8.0	18.2	116	
9/15/2011	29.0	6.0	18.7	151	
9/16/2011	29.0	13.0	20.5	164	
9/17/2011	33.0	9.0	21.9	138	
9/18/2011	35.0	9.0	21.9	178	
9/19/2011	29.0	7.0	19.1	58	
9/20/2011	31.0	6.0	18.8	71	
9/21/2011	31.0	6.0	18.9	84	
9/22/2011	31.0	6.0	18.9	84	
9/23/2011	31.0	6.0	18.9	84	
9/24/2011	31.0	6.0	18.9	84	
9/25/2011	31.0	6.0	18.9	84	
9/26/2011	31.0	6.0	18.9	84	
9/27/2011	31.0	6.0	18.9	84	
9/28/2011	32.0	20.0	25.4	240	
9/29/2011	32.0	18.0	23.8	218	
9/30/2011	32.0	16.0	25.2	133	
10/1/2011	26.0	12.0	16.6	93	
10/2/2011	26.0	12.0	16.6	93	
10/3/2011	25.0	16.0	21.9	151	
10/4/2011	25.0	16.0	21.9	151	
10/5/2011	29.0	23.0	27.2	262	
10/6/2011	29.0	23.0	27.2	262	
10/7/2011	34.0	22.0	28.4	396	
10/8/2011	34.0	15.0	25.6	298	
10/9/2011	35.0	15.0	25.8	320	
10/10/2011	34.0	12.0	24.3	187	
10/11/2011	35.0	13.0	24.6	156	
10/12/2011	35.0	13.0	24.6	156	
10/13/2011	35.0	13.0	24.6	156	
10/14/2011	35.0	13.0	24.6	156	
10/15/2011	35.0	13.0	24.6	156	
10/16/2011	35.0	13.0	24.6	156	
10/17/2011	36.0	22.0	28.5	316	
10/18/2011	31.0	16.0	23.0	338	
10/19/2011	25.0	11.0	18.4	191	
10/20/2011	28.0	9.0	19.4	182	
10/21/2011	36.0	12.0	24.8	191	
10/22/2011	37.0	13.0	25.7	98	
10/23/2011	37.0	12.0	26.0	107	
10/24/2011	34.0	16.0	26.6	138	
10/25/2011	36.0	15.0	26.8	187	
10/26/2011	33.0	20.0	25.9	280	
10/27/2011	32.0	19.0	23.3	138	
10/28/2011	34.0	23.0	28.6	365	
10/29/2011	34.0	15.0	24.9	209	
10/30/2011	32.0	14.0	22.2	227	
10/31/2011	27.0	10.0	19.1	151	
11/1/2011	29.0	10.0	20.9	191	
11/2/2011	34.0	17.0	25.7	240	
11/3/2011	39.0	14.0	28.7	373	
11/4/2011	30.0	16.0	23.0	218	
11/5/2011	30.0	12.0	21.4	124	
11/6/2011	32.0	11.0	23.3	160	
11/7/2011	38.0	15.0	27.4	213	
11/8/2011	39.0	14.0	27.8	107	
11/9/2011	37.0	18.0	28.1	191	
11/10/2011	36.0	19.0	27.9	164	
11/11/2011	35.0	15.0	26.4	169	
11/12/2011	35.0	17.0	27.0	156	
11/13/2011	27.0	13.0	19.6	151	
11/14/2011	27.0	10.0	19.2	200	
11/15/2011	34.0	11.0	23.9	107	
11/16/2011	38.0	12.0	26.6	98	
11/17/2011	37.0	23.0	30.8	116	
11/18/2011	38.0	21.0	29.1	218	
11/19/2011	33.0	23.0	28.3	142	
11/20/2011	35.0	22.0	28.3	258	
11/21/2011	32.0	17.0	24.6	169	
11/22/2011	33.0	16.0	25.5	191	
11/23/2011	31.0	16.0	24.1	293	
11/24/2011	30.0	13.0	21.5	204	
11/25/2011	33.0	16.0	25.3	209	
11/26/2011	36.0	14.0	27.4	218	
11/27/2011	35.0	19.0	27.5	209	
11/28/2011	37.0	17.0	28.4	173	
11/29/2011	37.0	18.0	28.5	138	
11/30/2011	38.0	18.0	28.4	160	
12/1/2011	35.0	18.0	27.7	156	
12/2/2011	38.0	21.0	29.9	182	
12/3/2011	38.0	20.0	30.5	258	
12/4/2011	37.0	24.0	29.3	378	
12/5/2011	35.0	21.0	28.4	204	
12/6/2011	26.0	23.0	24.2	244	
12/7/2011	30.0	21.0	23.8	200	
12/8/2011	34.0	19.0	26.3	129	
12/9/2011	37.0	23.0	29.3	289	
12/10/2011	34.0	19.0	26.8	222	
12/11/2011	33.0	14.0	25.6	191	
12/12/2011	37.0	19.0	28.7	351	
12/13/2011	34.0	18.0	25.4	280	
12/14/2011	25.0	15.0	18.8	71	
12/15/2011	25.0	15.0	18.8	71	
12/16/2011	25.0	15.0	18.8	71	
12/17/2011	25.0	15.0	18.8	71	
12/18/2011	25.0	15.0	18.8	71	
12/19/2011	25.0	15.0	18.8	71	
12/20/2011	25.0	15.0	18.8	71	
12/21/2011	25.0	15.0	18.8	71	
12/22/2011	25.0	15.0	18.8	71	
12/23/2011	25.0	15.0	18.8	71	
12/24/2011	39.0	27.0	33.4	218	
12/25/2011	38.0	22.0	30.5	178	
12/26/2011	36.0	22.0	29.3	204	
12/27/2011	23.0	20.0	21.0	80	
12/28/2011	23.0	20.0	21.0	80	
12/29/2011	23.0	20.0	21.0	80	
12/30/2011	23.0	20.0	21.0	80	
12/31/2011	23.0	20.0	21.0	80	
1/1/2012	23.0	20.0	21.0	80	
1/2/2012	23.0	20.0	21.0	80	
1/3/2012	23.0	20.0	21.0	80	
1/4/2012	40.0	28.0	34.4	258	
1/5/2012	41.0	23.0	32.7	213	
1/6/2012	41.0	23.0	33.6	196	
1/7/2012	42.0	26.0	33.9	267	
1/8/2012	42.0	25.0	33.4	311	
1/9/2012	37.0	27.0	31.6	227	
1/10/2012	40.0	27.0	32.4	213	
1/11/2012	38.0	24.0	29.6	271	
1/12/2012	36.0	22.0	28.9	244	
1/13/2012	35.0	22.0	26.8	182	
1/14/2012	35.0	19.0	27.8	182	
1/15/2012	38.0	21.0	29.8	187	
1/16/2012	32.0	23.0	27.4	213	
1/17/2012	33.0	21.0	25.9	222	
1/18/2012	36.0	21.0	28.8	227	
1/19/2012	36.0	20.0	26.6	298	
1/20/2012	28.0	20.0	23.9	151	
1/21/2012	32.0	20.0	25.4	191	
1/22/2012	29.0	21.0	23.9	156	
1/23/2012	31.0	22.0	25.8	164	
1/24/2012	32.0	17.0	25.2	138	
1/25/2012	31.0	20.0	24.1	151	
1/26/2012	31.0	20.0	24.1	151	
1/27/2012	37.0	26.0	32.5	156	
1/28/2012	32.0	22.0	26.1	316	
1/29/2012	35.0	18.0	27.7	133	
1/30/2012	37.0	21.0	29.0	164	
1/31/2012	36.0	24.0	29.2	244	
2/1/2012	29.0	24.0	25.6	231	
2/2/2012	28.0	21.0	23.3	285	
2/3/2012	32.0	20.0	26.5	187	
2/4/2012	37.0	21.0	27.7	169	
2/5/2012	36.0	22.0	28.2	262	
2/6/2012	36.0	21.0	27.6	289	
2/7/2012	30.0	19.0	23.7	191	
2/8/2012	33.0	21.0	25.6	191	
2/9/2012	32.0	21.0	24.8	98	
2/10/2012	31.0	20.0	25.7	160	
2/11/2012	30.0	14.0	22.8	120	
2/12/2012	34.0	15.0	25.2	147	
2/13/2012	21.0	18.0	20.0	178	
2/14/2012	36.0	23.0	29.8	142	
2/15/2012	36.0	17.0	28.1	102	
2/16/2012	35.0	27.0	32.7	200	
2/17/2012	34.0	22.0	26.0	209	
2/18/2012	22.0	21.0	21.7	169	
2/19/2012	22.0	21.0	21.7	169	
2/20/2012	22.0	21.0	21.7	169	
2/21/2012	34.0	23.0	27.2	196	
2/22/2012	32.0	20.0	25.4	120	
2/23/2012	33.0	25.0	29.7	116	
2/24/2012	35.0	22.0	28.4	213	
2/25/2012	30.0	22.0	25.0	169	
2/26/2012	32.0	21.0	25.9	120	
2/27/2012	27.0	21.0	22.2	244	
2/28/2012	27.0	21.0	22.2	244	
2/29/2012	27.0	21.0	22.2	244	
3/1/2012	27.0	21.0	22.2	244	
3/2/2012	34.0	29.0	31.8	111	
3/3/2012	34.0	29.0	31.8	111	
3/4/2012	34.0	29.0	31.8	111	
3/5/2012	34.0	29.0	31.8	111	
3/6/2012	34.0	29.0	31.8	111	
3/7/2012	38.0	37.0	37.6	178	
3/8/2012	38.0	37.0	37.6	178	
3/9/2012	38.0	37.0	37.6	178	
3/10/2012	38.0	37.0	37.6	178	
3/11/2012	38.0	37.0	37.6	178	
3/12/2012	38.0	37.0	37.6	178	
3/13/2012	34.0	20.0	28.0	360	
3/14/2012					
3/15/2012					
3/16/2012					
3/17/2012					
3/18/2012					
3/19/2012					
3/20/2012					
3/21/2012					
3/22/2012					
3/23/2012					
3/24/2012					
3/25/2012					
3/26/2012					
3/27/2012					
3/28/2012	19.0	13.0	16.2	22	
3/29/2012	27.0	16.0	21.2	44	
3/30/2012	27.0	16.0	21.2	44	
3/31/2012	27.0	16.0	21.2	44	
4/1/2012	27.0	16.0	21.2	44	
4/2/2012	29.0	16.0	22.6	84	
4/3/2012	30.0	12.0	21.7	142	
4/4/2012	30.0	15.0	22.7	196	
4/5/2012	31.0	15.0	23.4	200	
4/6/2012	32.0	18.0	23.4	191	
4/7/2012	30.0	13.0	20.7	231	
4/8/2012	26.0	9.0	17.4	58	
4/9/2012	26.0	15.0	18.8	164	
4/10/2012	26.0	10.0	16.3	98	
4/11/2012	31.0	14.0	24.3	151	
4/12/2012					
4/13/2012					
4/14/2012					
4/15/2012					
4/16/2012					
4/17/2012					
4/18/2012					
4/19/2012					
4/20/2012					
4/21/2012					
4/22/2012					
4/23/2012					
4/24/2012					
4/25/2012					
4/26/2012	32.0	15.0	19.8	133	
4/27/2012					
4/28/2012					
4/29/2012					
4/30/2012					
5/1/2012					
5/2/2012					
5/3/2012					
5/4/2012					
5/5/2012					
5/6/2012					
5/7/2012					
5/8/2012					
5/9/2012					
5/10/2012					
5/11/2012					
5/12/2012					
5/13/2012					
5/14/2012					
5/15/2012					
5/16/2012					
5/17/2012					
5/18/2012					
5/19/2012					
5/20/2012					
5/21/2012	23.0	8.0	14.6	169	
5/22/2012	30.0	4.0	16.8	164	
5/23/2012	30.0	8.0	18.2	133	
5/24/2012	31.0	9.0	17.5	196	
5/25/2012	31.0	9.0	17.5	196	
5/26/2012	31.0	9.0	17.5	196	
5/27/2012	31.0	9.0	17.5	196	
5/28/2012	31.0	9.0	17.5	196	
5/29/2012	13.0	10.0	11.5	147	
5/30/2012					
5/31/2012					
6/1/2012					
6/2/2012					
6/3/2012					
6/4/2012					
6/5/2012					
6/6/2012					
6/7/2012					
6/8/2012					
6/9/2012					
6/10/2012					
6/11/2012					
6/12/2012					
6/13/2012	25.0	7.0	16.2	147	
6/14/2012	27.0	5.0	15.2	222	
6/15/2012	27.0	6.0	15.5	200	
6/16/2012	28.0	8.0	17.1	285	
6/17/2012	19.0	3.0	11.2	160	
6/18/2012	18.0	0	10.2	147	
6/19/2012	17.0	3.0	10.4	129	
6/20/2012	16.0	10.0	12.8	129	
6/21/2012	20.0	9.0	13.2	49	
6/22/2012	21.0	5.0	12.9	49	
6/23/2012	18.0	4.0	9.9	84	
6/24/2012	19.0	2.0	9.4	49	
6/25/2012	22.0	1.0	10.2	67	
6/26/2012	27.0	2.0	12.9	111	
6/27/2012	27.0	2.0	13.7	49	
6/28/2012	29.0	5.0	15.3	124	
6/29/2012	27.0	4.0	14.9	44	
6/30/2012	29.0	5.0	15.6	89	
7/1/2012	30.0	6.0	16.3	129	
7/2/2012	28.0	8.0	15.9	98	
7/3/2012	30.0	10.0	18.2	120	
7/4/2012	25.0	11.0	16.8	120	
7/5/2012	29.0	9.0	18.5	209	
7/6/2012	27.0	12.0	18.6	182	
7/7/2012	15.0	6.0	11.6	240	
7/8/2012	10.0	3.0	6.6	62	
7/9/2012	20.0	0	9.4	116	
7/10/2012	25.0	2.0	12.8	107	
7/11/2012	27.0	6.0	15.7	76	
7/12/2012	26.0	6.0	15.6	116	
7/13/2012	18.0	3.0	10.0	164	
7/14/2012	3.0	-1.0	0.6	36	
7/15/2012	16.0	2.0	8.4	80	
7/16/2012	18.0	0	5.1	53	
7/17/2012	22.0	3.0	11.7	173	
7/18/2012	24.0	6.0	14.8	236	
7/19/2012	24.0	8.0	12.9	129	
7/20/2012	27.0	5.0	16.8	262	
7/21/2012	25.0	2.0	12.6	173	
7/22/2012	21.0	1.0	11.4	40	
7/23/2012	24.0	1.0	13.1	53	
7/24/2012	15.0	2.0	6.5	53	
7/25/2012	15.0	2.0	6.5	53	
7/26/2012	15.0	2.0	6.5	53	
7/27/2012	25.0	7.0	17.7	40	
7/28/2012	25.0	7.0	16.0	147	
7/29/2012	26.0	4.0	16.3	129	
7/30/2012	27.0	9.0	15.2	116	
7/31/2012	19.0	5.0	9.0	9	
8/1/2012	19.0	5.0	9.0	9	
8/2/2012	19.0	5.0	9.0	9	
8/3/2012	19.0	5.0	9.0	9	
8/4/2012	19.0	5.0	9.0	9	
8/5/2012	19.0	5.0	9.0	9	
8/6/2012	19.0	5.0	9.0	9	
8/7/2012	19.0	5.0	9.0	9	
8/8/2012	19.0	5.0	9.0	9	
8/9/2012	19.0	5.0	9.0	9	
8/10/2012	19.0	5.0	9.0	9	
8/11/2012	23.0	6.0	16.6	391	
8/12/2012	19.0	0	9.5	116	
8/13/2012	31.0	1.0	15.8	204	
8/14/2012	30.0	9.0	18.5	329	
8/15/2012	15.0	3.0	9.9	244	
8/16/2012	2.0	0	1.2	244	
8/17/2012	2.0	0	1.2	244	
8/18/2012	2.0	0	1.2	244	
8/19/2012	2.0	0	1.2	244	
8/20/2012	30.0	14.0	20.4	142	
8/21/2012	28.0	10.0	17.7	31	
8/22/2012	29.0	10.0	18.1	49	
8/23/2012	31.0	7.0	15.2	67	
8/24/2012	31.0	7.0	15.2	67	
8/25/2012	30.0	12.0	19.6	133	
8/26/2012	23.0	6.0	13.9	67	
8/27/2012	29.0	9.0	19.6	173	
8/28/2012	35.0	13.0	23.2	178	
8/29/2012	34.0	13.0	23.5	222	
8/30/2012	33.0	8.0	20.2	169	
8/31/2012	31.0	6.0	19.7	191	
9/1/2012	24.0	3.0	15.1	80	
9/2/2012	31.0	9.0	19.6	107	
9/3/2012	31.0	5.0	19.1	44	
9/4/2012	31.0	7.0	19.6	53	
9/5/2012	25.0	7.0	15.8	151	
9/6/2012	24.0	4.0	13.9	31	
9/7/2012	27.0	5.0	15.8	22	
9/8/2012	30.0	6.0	18.5	40	
9/9/2012	31.0	7.0	19.6	156	
9/10/2012	24.0	5.0	15.9	84	
9/11/2012	31.0	7.0	19.6	89	
9/12/2012	32.0	6.0	19.2	173	
9/13/2012	27.0	3.0	17.3	89	
9/14/2012	29.0	11.0	20.8	111	
9/15/2012	33.0	14.0	23.6	196	
9/16/2012	36.0	14.0	24.2	182	
9/17/2012	35.0	17.0	26.2	316	
9/18/2012	32.0	16.0	24.9	164	
9/19/2012	29.0	10.0	19.1	84	
9/20/2012	34.0	12.0	22.8	124	
9/21/2012	30.0	12.0	20.3	147	
9/22/2012	28.0	6.0	17.6	124	
9/23/2012	27.0	7.0	17.8	84	
9/24/2012	31.0	6.0	19.7	80	
9/25/2012	35.0	12.0	22.8	133	
9/26/2012	34.0	13.0	18.8	147	
9/27/2012	30.0	10.0	18.2	169	
9/28/2012	20.0	6.0	12.8	209	
9/29/2012	26.0	7.0	16.1	124	
9/30/2012	32.0	10.0	21.6	169	
10/1/2012	36.0	11.0	26.2	178	
10/2/2012	37.0	15.0	24.8	187	
10/3/2012	36.0	14.0	23.5	71	
10/4/2012	37.0	13.0	25.1	89	
10/5/2012	37.0	17.0	27.1	138	
10/6/2012	36.0	18.0	27.7	147	
10/7/2012	33.0	17.0	25.1	182	
10/8/2012	34.0	13.0	23.3	102	
10/9/2012	35.0	15.0	24.2	156	
10/10/2012	32.0	14.0	23.4	196	
10/11/2012	32.0	14.0	23.4	196	
10/12/2012	33.0	12.0	24.5	200	
10/13/2012	37.0	14.0	27.8	173	
10/14/2012	37.0	19.0	27.8	156	
10/15/2012	36.0	18.0	27.5	231	
10/16/2012	35.0	15.0	25.0	164	
10/17/2012	34.0	11.0	22.7	116	
10/18/2012	33.0	12.0	23.9	173	
10/19/2012	24.0	11.0	17.5	338	
10/20/2012	23.0	5.0	15.1	129	
10/21/2012	31.0	7.0	20.2	142	
10/22/2012	33.0	11.0	23.3	160	
10/23/2012	37.0	16.0	27.2	204	
10/24/2012	37.0	20.0	28.1	302	
10/25/2012	37.0	15.0	26.3	138	
10/26/2012	31.0	17.0	24.4	178	
10/27/2012	38.0	16.0	26.7	164	
10/28/2012	37.0	15.0	26.6	133	
10/29/2012	37.0	14.0	27.4	138	
10/30/2012	35.0	20.0	27.9	249	
10/31/2012	33.0	20.0	26.5	307	
11/1/2012	35.0	20.0	27.3	249	
11/2/2012	38.0	17.0	28.8	244	
11/3/2012	37.0	21.0	29.7	280	
11/4/2012	38.0	21.0	29.9	236	
11/5/2012	27.0	19.0	22.0	67	
11/6/2012	37.0	19.0	29.8	133	
11/7/2012	38.0	18.0	30.6	142	
11/8/2012	38.0	19.0	28.8	182	
11/9/2012	37.0	22.0	28.6	178	
11/10/2012	39.0	17.0	28.7	124	
11/11/2012	40.0	21.0	28.9	191	
11/12/2012	28.0	22.0	24.3	160	
11/13/2012	28.0	22.0	24.3	160	
11/14/2012	28.0	22.0	24.3	160	
11/15/2012	40.0	23.0	32.9	293	
11/16/2012	38.0	17.0	28.1	156	
11/17/2012	37.0	17.0	28.3	147	
11/18/2012	41.0	18.0	31.0	133	
11/19/2012	40.0	20.0	32.5	142	
11/20/2012	36.0	26.0	30.1	169	
11/21/2012	35.0	23.0	28.7	151	
11/22/2012	35.0	21.0	28.4	169	
11/23/2012	37.0	22.0	28.5	209	
11/24/2012	34.0	19.0	26.2	271	
11/25/2012	31.0	13.0	22.5	209	
11/26/2012	35.0	14.0	25.8	231	
11/27/2012	36.0	18.0	29.1	316	
11/28/2012	37.0	22.0	29.5	267	
11/29/2012	38.0	20.0	28.1	267	
11/30/2012	34.0	19.0	26.3	227	
12/1/2012	35.0	22.0	30.2	409	
12/2/2012	34.0	18.0	25.7	320	
12/3/2012	35.0	13.0	25.7	156	
12/4/2012	37.0	15.0	26.7	249	
12/5/2012	38.0	17.0	26.8	151	
12/6/2012	36.0	21.0	29.9	227	
12/7/2012	29.0	21.0	26.4	80	
12/8/2012	38.0	19.0	28.1	178	
12/9/2012	38.0	23.0	31.5	151	
12/10/2012	36.0	19.0	27.6	280	
12/11/2012	32.0	16.0	24.5	236	
12/12/2012	29.0	19.0	23.6	307	
12/13/2012	36.0	17.0	25.1	262	
12/14/2012	38.0	23.0	29.7	387	
12/15/2012	38.0	19.0	29.8	156	
12/16/2012	38.0	23.0	30.3	253	
12/17/2012	39.0	23.0	28.9	196	
12/18/2012	39.0	21.0	29.9	156	
12/19/2012	38.0	23.0	30.6	209	
12/20/2012	39.0	22.0	30.4	338	
12/21/2012	36.0	22.0	29.6	240	
12/22/2012	34.0	21.0	26.7	356	
12/23/2012	36.0	22.0	27.7	240	
12/24/2012	35.0	22.0	27.4	160	
12/25/2012	31.0	24.0	27.7	187	
12/26/2012	39.0	23.0	31.1	169	
12/27/2012	40.0	21.0	30.6	164	
12/28/2012	37.0	21.0	28.9	178	
12/29/2012	40.0	22.0	30.7	156	
12/30/2012	39.0	24.0	32.0	262	
12/31/2012	39.0	24.0	31.8	249	
1/1/2013	38.0	27.0	31.1	227	
1/2/2013	38.0	25.0	30.1	187	
1/3/2013	37.0	21.0	29.8	227	
1/4/2013	36.0	18.0	27.7	133	
1/5/2013	39.0	21.0	30.7	151	
1/6/2013	39.0	23.0	31.6	178	
1/7/2013	40.0	23.0	32.4	147	
1/8/2013	38.0	26.0	31.9	227	
1/9/2013	39.0	26.0	30.7	200	
1/10/2013	32.0	20.0	26.2	222	
1/11/2013	34.0	18.0	25.9	191	
1/12/2013	37.0	19.0	28.8	204	
1/13/2013	40.0	23.0	30.7	253	
1/14/2013	33.0	23.0	26.9	93	
1/15/2013	37.0	25.0	29.9	169	
1/16/2013	40.0	26.0	32.7	187	
1/17/2013	38.0	21.0	30.0	267	
1/18/2013	36.0	22.0	27.0	209	
1/19/2013	36.0	21.0	28.5	178	
1/20/2013	36.0	19.0	27.7	182	
1/21/2013	35.0	20.0	26.8	151	
1/22/2013	39.0	30.0	36.4	160	
1/23/2013	39.0	30.0	36.4	160	
1/24/2013	39.0	29.0	34.3	173	
1/25/2013	39.0	26.0	33.1	258	
1/26/2013	40.0	25.0	33.8	178	
1/27/2013	42.0	24.0	33.1	187	
1/28/2013	42.0	28.0	32.7	142	
1/29/2013	37.0	28.0	32.1	231	
1/30/2013	38.0	26.0	30.9	169	
1/31/2013	37.0	20.0	28.6	98	
2/1/2013	40.0	19.0	30.7	129	
2/2/2013	41.0	24.0	33.4	178	
2/3/2013	38.0	24.0	30.1	236	
2/4/2013	35.0	20.0	27.4	200	
2/5/2013	40.0	25.0	31.8	222	
2/6/2013	40.0	21.0	30.9	151	
2/7/2013	40.0	24.0	31.8	196	
2/8/2013	38.0	23.0	29.4	338	
2/9/2013	37.0	21.0	29.3	276	
2/10/2013	36.0	17.0	27.9	173	
2/11/2013	36.0	19.0	27.9	173	
2/12/2013	38.0	22.0	30.1	164	
2/13/2013	39.0	21.0	31.4	116	
2/14/2013	38.0	25.0	31.6	200	
2/15/2013	29.0	25.0	27.0	258	
2/16/2013	29.0	25.0	27.0	258	
2/17/2013	38.0	28.0	34.2	240	
2/18/2013	38.0	26.0	31.6	173	
2/19/2013	37.0	24.0	29.9	187	
2/20/2013	33.0	20.0	27.3	196	
2/21/2013	37.0	21.0	28.2	196	
2/22/2013	38.0	21.0	30.1	147	
2/23/2013	38.0	19.0	30.4	173	
2/24/2013	40.0	22.0	31.6	138	
2/25/2013	40.0	23.0	31.8	156	
2/26/2013	40.0	26.0	32.7	236	
2/27/2013	39.0	22.0	29.5	236	
2/28/2013	37.0	23.0	29.6	182	
3/1/2013	34.0	18.0	26.9	151	
3/2/2013	37.0	23.0	29.8	209	
3/3/2013	39.0	22.0	30.9	204	
3/4/2013	38.0	23.0	30.6	307	
3/5/2013	38.0	23.0	30.1	178	
3/6/2013	35.0	24.0	28.1	173	
3/7/2013	39.0	18.0	28.7	204	
3/8/2013	35.0	14.0	27.0	111	
3/9/2013	36.0	16.0	27.9	164	
3/10/2013	38.0	21.0	28.8	271	
3/11/2013	38.0	22.0	29.7	227	
3/12/2013	37.0	22.0	29.7	191	
3/13/2013	37.0	20.0	28.7	89	
3/14/2013	40.0	18.0	28.6	93	
3/15/2013	38.0	20.0	30.3	138	
3/16/2013	34.0	19.0	27.2	138	
3/17/2013	36.0	15.0	26.9	107	
3/18/2013	37.0	17.0	27.7	138	
3/19/2013	36.0	15.0	27.7	142	
3/20/2013	37.0	18.0	27.4	151	
3/21/2013	40.0	17.0	30.0	236	
3/22/2013	39.0	24.0	31.5	249	
3/23/2013	38.0	21.0	29.6	191	
3/24/2013	37.0	21.0	29.3	231	
3/25/2013	37.0	20.0	28.1	178	
3/26/2013	35.0	22.0	27.8	111	
3/27/2013	36.0	20.0	26.4	249	
3/28/2013	35.0	19.0	25.1	191	
3/29/2013	22.0	18.0	19.8	93	
3/30/2013	29.0	15.0	20.2	227	
3/31/2013	20.0	15.0	17.2	147	
4/1/2013	26.0	11.0	18.1	120	
4/2/2013	27.0	12.0	20.6	138	
4/3/2013	27.0	14.0	20.9	151	
4/4/2013	29.0	14.0	21.6	200	
4/5/2013	31.0	14.0	22.4	244	
4/6/2013	33.0	13.0	23.1	124	
4/7/2013	35.0	15.0	25.2	173	
4/8/2013	35.0	14.0	25.5	133	
4/9/2013	31.0	13.0	22.2	111	
4/10/2013	24.0	12.0	17.9	196	
4/11/2013	29.0	11.0	20.9	129	
4/12/2013	34.0	16.0	25.6	182	
4/13/2013	34.0	15.0	25.2	120	
4/14/2013	35.0	19.0	26.3	178	
4/15/2013	28.0	17.0	21.0	53	
4/16/2013					
4/17/2013					
4/18/2013					
4/19/2013					
4/20/2013					
4/21/2013					
4/22/2013					
4/23/2013					
4/24/2013					
4/25/2013					
4/26/2013					
4/27/2013					
4/28/2013					
4/29/2013					
4/30/2013					
5/1/2013					
5/2/2013					
5/3/2013					
5/4/2013					
5/5/2013					
5/6/2013					
5/7/2013					
5/8/2013					
5/9/2013					
5/10/2013					
5/11/2013					
5/12/2013					
5/13/2013					
5/14/2013					
5/15/2013					
5/16/2013					
5/17/2013					
5/18/2013					
5/19/2013					
5/20/2013					
5/21/2013					
5/22/2013					
5/23/2013					
5/24/2013					
5/25/2013					
5/26/2013					
5/27/2013					
5/28/2013					
5/29/2013					
5/30/2013					
5/31/2013					
6/1/2013					
6/2/2013					
6/3/2013					
6/4/2013					
6/5/2013					
6/6/2013					
6/7/2013					
6/8/2013					
6/9/2013					
6/10/2013					
6/11/2013					
6/12/2013					
6/13/2013					
6/14/2013					
6/15/2013					
6/16/2013					
6/17/2013					
6/18/2013					
6/19/2013					
6/20/2013					
6/21/2013					
6/22/2013					
6/23/2013					
6/24/2013					
6/25/2013					
6/26/2013					
6/27/2013					
6/28/2013					
6/29/2013					
6/30/2013					
7/1/2013					
7/2/2013					
7/3/2013					
7/4/2013					
7/5/2013					
7/6/2013					
7/7/2013					
7/8/2013					
7/9/2013					
7/10/2013					
7/11/2013					
7/12/2013					
7/13/2013					
7/14/2013					
7/15/2013	18.0	10.0	13.3	31	
7/16/2013	28.0	5.0	15.8	133	
7/17/2013	28.0	6.0	16.9	204	
7/18/2013	29.0	5.0	15.8	156	
7/19/2013	22.0	1.0	11.3	76	
7/20/2013	19.0	0	10.3	93	
7/21/2013	21.0	1.0	10.6	129	
7/22/2013	26.0	2.0	13.4	200	
7/23/2013	26.0	3.0	13.9	142	
7/24/2013	22.0	2.0	12.6	89	
7/25/2013	25.0	4.0	14.2	98	
7/26/2013	28.0	6.0	16.2	129	
7/27/2013	28.0	6.0	16.7	204	
7/28/2013	21.0	4.0	12.8	124	
7/29/2013	19.0	4.0	11.6	253	
7/30/2013	22.0	1.0	11.4	178	
7/31/2013	25.0	6.0	15.7	262	
8/1/2013	25.0	10.0	17.7	320	
8/2/2013	23.0	7.0	15.9	173	
8/3/2013	24.0	6.0	15.9	129	
8/4/2013	25.0	6.0	16.7	84	
8/5/2013	27.0	5.0	15.4	67	
8/6/2013	29.0	15.0	22.9	356	
8/7/2013	17.0	8.0	11.0	89	
8/8/2013	17.0	3.0	10.6	124	
8/9/2013	18.0	4.0	10.7	156	
8/10/2013	26.0	1.0	13.4	191	
8/11/2013	21.0	6.0	14.2	293	
8/12/2013	23.0	1.0	12.2	120	
8/13/2013	27.0	3.0	15.8	213	
8/14/2013	22.0	3.0	13.5	67	
8/15/2013	25.0	4.0	15.0	89	
8/16/2013	27.0	3.0	15.8	133	
8/17/2013	30.0	5.0	16.8	178	
8/18/2013	21.0	3.0	13.0	124	
8/19/2013	27.0	4.0	15.9	116	
8/20/2013	33.0	6.0	19.1	133	
8/21/2013	28.0	6.0	17.4	147	
8/22/2013	23.0	4.0	14.7	156	
8/23/2013	28.0	4.0	15.9	133	
8/24/2013	26.0	4.0	16.8	120	
8/25/2013	34.0	7.0	20.6	156	
8/26/2013	33.0	12.0	23.4	258	
8/27/2013	34.0	12.0	22.7	187	
8/28/2013	34.0	11.0	22.3	271	
8/29/2013	25.0	8.0	16.6	293	
8/30/2013	17.0	6.0	11.1	169	
8/31/2013	18.0	1.0	9.8	111	
9/1/2013	23.0	2.0	13.5	209	
9/2/2013	31.0	4.0	18.5	178	
9/3/2013	27.0	6.0	16.9	107	
9/4/2013	27.0	6.0	17.9	133	
9/5/2013	27.0	14.0	20.8	187	
9/6/2013	32.0	10.0	22.6	138	
9/7/2013	37.0	16.0	27.2	164	
9/8/2013	35.0	17.0	26.5	204	
9/9/2013	32.0	17.0	24.2	133	
9/10/2013	33.0	12.0	23.1	133	
9/11/2013	29.0	14.0	20.6	129	
9/12/2013	31.0	13.0	22.5	164	
9/13/2013	29.0	12.0	21.0	111	
9/14/2013	28.0	10.0	19.2	71	
9/15/2013	29.0	11.0	21.2	111	
9/16/2013	31.0	10.0	21.3	133	
9/17/2013	33.0	13.0	23.9	164	
9/18/2013	35.0	13.0	24.2	107	
9/19/2013	32.0	14.0	22.3	333	
9/20/2013	22.0	8.0	15.1	400	
9/21/2013	17.0	4.0	10.1	227	
9/22/2013	26.0	2.0	14.3	204	
9/23/2013	35.0	6.0	21.9	129	
9/24/2013	34.0	15.0	25.6	204	
9/25/2013	23.0	17.0	18.9	196	
9/26/2013	21.0	16.0	17.7	182	
9/27/2013	21.0	16.0	17.7	182	
9/28/2013	21.0	16.0	17.7	182	
9/29/2013	21.0	16.0	17.7	182	
9/30/2013	31.0	12.0	21.5	218	
10/1/2013	32.0	14.0	24.1	298	
10/2/2013	36.0	19.0	27.3	289	
10/3/2013	35.0	17.0	27.1	218	
10/4/2013	37.0	14.0	26.3	111	
10/5/2013	36.0	15.0	27.1	138	
10/6/2013	31.0	15.0	22.4	204	
10/7/2013	36.0	15.0	27.1	129	
10/8/2013	39.0	17.0	27.6	133	
10/9/2013	39.0	20.0	28.3	209	
10/10/2013	36.0	23.0	29.5	222	
10/11/2013	37.0	21.0	29.2	222	
10/12/2013	33.0	19.0	24.9	240	
10/13/2013	31.0	13.0	22.1	160	
10/14/2013	33.0	15.0	23.5	169	
10/15/2013	40.0	17.0	28.6	209	
10/16/2013	34.0	18.0	27.4	200	
10/17/2013	35.0	17.0	26.6	120	
10/18/2013	31.0	23.0	26.8	133	
10/19/2013	35.0	17.0	25.9	111	
10/20/2013	32.0	21.0	26.6	329	
10/21/2013	26.0	12.0	18.8	311	
10/22/2013	28.0	16.0	23.6	173	
10/23/2013	28.0	16.0	23.6	173	
10/24/2013	28.0	16.0	23.6	173	
10/25/2013	28.0	16.0	23.6	173	
10/26/2013	28.0	16.0	23.6	173	
10/27/2013	28.0	16.0	23.6	173	
10/28/2013	28.0	16.0	23.6	173	
10/29/2013	28.0	16.0	23.6	173	
10/30/2013	34.0	19.0	26.5	431	
10/31/2013	18.0	13.0	15.2	124	
11/1/2013	27.0	12.0	20.5	133	
11/2/2013	31.0	15.0	23.1	213	
11/3/2013	35.0	17.0	27.1	209	
11/4/2013	38.0	17.0	29.8	173	
11/5/2013	39.0	20.0	27.0	227	
11/6/2013	37.0	18.0	28.6	333	
11/7/2013	35.0	16.0	24.2	169	
11/8/2013	35.0	15.0	25.4	227	
11/9/2013	35.0	13.0	26.3	111	
11/10/2013	38.0	16.0	28.7	160	
11/11/2013	40.0	18.0	29.1	173	
11/12/2013	40.0	18.0	29.1	173	
11/13/2013	39.0	26.0	32.0	169	
11/14/2013	40.0	24.0	30.7	204	
11/15/2013	34.0	18.0	25.6	356	
11/16/2013	33.0	12.0	24.1	253	
11/17/2013	33.0	14.0	24.7	102	
11/18/2013	38.0	16.0	29.0	236	
11/19/2013	37.0	21.0	27.7	289	
11/20/2013	20.0	17.0	18.2	196	
11/21/2013	34.0	15.0	26.5	236	
11/22/2013	38.0	21.0	28.5	271	
11/23/2013	38.0	19.0	28.7	182	
11/24/2013	39.0	24.0	31.7	204	
11/25/2013	37.0	24.0	29.8	293	
11/26/2013	37.0	22.0	29.4	178	
11/27/2013	37.0	23.0	29.3	204	
11/28/2013	37.0	23.0	29.3	204	
11/29/2013	40.0	27.0	33.2	360	
11/30/2013	36.0	22.0	28.7	182	
12/1/2013	34.0	20.0	24.9	253	
12/2/2013	32.0	21.0	24.1	178	
12/3/2013	34.0	17.0	25.8	191	
12/4/2013	36.0	19.0	28.6	222	
12/5/2013	37.0	21.0	29.2	222	
12/6/2013	39.0	21.0	28.6	244	
12/7/2013	38.0	23.0	29.0	324	
12/8/2013	31.0	19.0	24.3	365	
12/9/2013	31.0	19.0	24.2	164	
12/10/2013	28.0	20.0	22.8	76	
12/11/2013	28.0	20.0	22.8	76	
12/12/2013	28.0	20.0	22.8	76	
12/13/2013	28.0	20.0	22.8	76	
12/14/2013	37.0	27.0	33.1	200	
12/15/2013	37.0	27.0	33.1	200	
12/16/2013	37.0	27.0	33.1	200	
12/17/2013	37.0	27.0	33.1	200	
12/18/2013	37.0	27.0	33.1	200	
12/19/2013	37.0	27.0	33.1	200	
12/20/2013	33.0	23.0	29.0	191	
12/21/2013	25.0	24.0	24.5	200	
12/22/2013	32.0	21.0	24.8	249	
12/23/2013	32.0	21.0	24.8	249	
12/24/2013	31.0	21.0	24.9	160	
12/25/2013	34.0	21.0	27.1	107	
12/26/2013	35.0	23.0	29.3	178	
12/27/2013	36.0	22.0	28.2	133	
12/28/2013	35.0	27.0	29.3	236	
12/29/2013	37.0	22.0	30.5	182	
12/30/2013	37.0	24.0	30.9	209	
12/31/2013	38.0	25.0	31.8	173	
1/1/2014	38.0	24.0	30.8	209	
1/2/2014	37.0	24.0	30.5	209	
1/3/2014	38.0	22.0	29.8	178	
1/4/2014	38.0	22.0	29.8	178	
1/5/2014	30.0	17.0	24.4	573	
1/6/2014	28.0	13.0	20.0	280	
1/7/2014	28.0	13.0	20.0	280	
1/8/2014	30.0	21.0	25.5	329	
1/9/2014	32.0	17.0	25.4	169	
1/10/2014	34.0	20.0	26.6	169	
1/11/2014	39.0	23.0	32.6	240	
1/12/2014	28.0	25.0	26.0	67	
1/13/2014	37.0	25.0	31.3	311	
1/14/2014	40.0	24.0	29.8	418	
1/15/2014	37.0	23.0	29.0	227	
1/16/2014	39.0	24.0	31.8	222	
1/17/2014	39.0	26.0	30.7	262	
1/18/2014	36.0	25.0	29.9	147	
1/19/2014	39.0	22.0	31.0	133	
1/20/2014	40.0	24.0	31.3	218	
1/21/2014	38.0	27.0	32.7	311	
1/22/2014	36.0	23.0	28.8	204	
1/23/2014	33.0	22.0	25.2	200	
1/24/2014	37.0	21.0	28.7	133	
1/25/2014	38.0	23.0	30.5	187	
1/26/2014	38.0	23.0	31.8	204	
1/27/2014	31.0	20.0	26.3	200	
1/28/2014	29.0	20.0	23.0	164	
1/29/2014	29.0	20.0	22.7	151	
1/30/2014	33.0	22.0	26.6	227	
1/31/2014	36.0	23.0	27.9	218	
2/1/2014	31.0	23.0	25.1	156	
2/2/2014	33.0	24.0	26.9	213	
2/3/2014	30.0	24.0	26.8	124	
2/4/2014	31.0	22.0	24.1	236	
2/5/2014	31.0	21.0	23.8	173	
2/6/2014	31.0	21.0	23.8	173	
2/7/2014	36.0	18.0	28.2	142	
2/8/2014	33.0	20.0	26.1	213	
2/9/2014	35.0	18.0	27.0	196	
2/10/2014	35.0	22.0	27.8	147	
2/11/2014	35.0	23.0	28.3	240	
2/12/2014	34.0	22.0	27.9	236	
2/13/2014	36.0	22.0	28.6	133	
2/14/2014	37.0	23.0	30.4	244	
2/15/2014	35.0	23.0	27.8	187	
2/16/2014	36.0	24.0	30.4	218	
2/17/2014	38.0	22.0	28.7	285	
2/18/2014	33.0	21.0	24.6	151	
2/19/2014	32.0	21.0	24.9	147	
2/20/2014	34.0	22.0	28.6	169	
2/21/2014	33.0	21.0	25.8	280	
2/22/2014	30.0	21.0	22.8	133	
2/23/2014	32.0	19.0	25.3	156	
2/24/2014	34.0	22.0	27.3	209	
2/25/2014	34.0	21.0	26.4	209	
2/26/2014	32.0	21.0	25.4	213	
2/27/2014	34.0	23.0	27.1	191	
2/28/2014	29.0	21.0	24.8	187	
3/1/2014	31.0	20.0	25.4	164	
3/2/2014	34.0	21.0	26.0	160	
3/3/2014	33.0	21.0	25.4	196	
3/4/2014	31.0	20.0	24.5	182	
3/5/2014	31.0	19.0	23.2	151	
3/6/2014	34.0	18.0	25.8	111	
3/7/2014	35.0	19.0	27.6	107	
3/8/2014	36.0	21.0	27.2	138	
3/9/2014	34.0	21.0	26.1	164	
3/10/2014	35.0	21.0	26.9	173	
3/11/2014	36.0	20.0	26.1	138	
3/12/2014	31.0	17.0	23.7	156	
3/13/2014	30.0	16.0	22.7	129	
3/14/2014	35.0	18.0	26.1	196	
3/15/2014	34.0	21.0	28.4	365	
3/16/2014	31.0	21.0	26.2	196	
3/17/2014	33.0	21.0	26.3	111	
3/18/2014	35.0	21.0	27.9	124	
3/19/2014	34.0	20.0	26.9	111	
3/20/2014	35.0	15.0	25.7	151	
3/21/2014	36.0	16.0	25.1	200	
3/22/2014	36.0	20.0	27.7	262	
3/23/2014	34.0	20.0	25.8	200	
3/24/2014	26.0	19.0	21.9	138	
3/25/2014	29.0	17.0	22.2	160	
3/26/2014	26.0	14.0	19.2	138	
3/27/2014	28.0	14.0	21.2	151	
3/28/2014	31.0	15.0	23.4	191	
3/29/2014	33.0	14.0	23.6	116	
3/30/2014	32.0	14.0	21.0	53	
3/31/2014	33.0	19.0	26.1	116	
4/1/2014	31.0	14.0	21.9	173	
4/2/2014	30.0	9.0	20.3	102	
4/3/2014	28.0	12.0	20.3	138	
4/4/2014	32.0	14.0	23.8	173	
4/5/2014	34.0	15.0	23.6	142	
4/6/2014	33.0	17.0	24.9	360	
4/7/2014	29.0	17.0	22.3	267	
4/8/2014	30.0	17.0	22.6	227	
4/9/2014	28.0	15.0	21.6	218	
4/10/2014	28.0	13.0	20.4	271	
4/11/2014	28.0	14.0	19.9	342	
4/12/2014	25.0	14.0	19.9	285	
4/13/2014	27.0	16.0	20.1	236	
4/14/2014	29.0	16.0	21.0	107	
4/15/2014	29.0	19.0	22.8	133	
4/16/2014	30.0	17.0	22.9	156	
4/17/2014	32.0	17.0	23.5	120	
4/18/2014	32.0	17.0	24.8	138	
4/19/2014	30.0	17.0	24.4	244	
4/20/2014	30.0	13.0	21.4	120	
4/21/2014	32.0	15.0	21.6	89	
4/22/2014	30.0	16.0	20.9	151	
4/23/2014	23.0	11.0	16.7	133	
4/24/2014	26.0	8.0	19.2	142	
4/25/2014	29.0	10.0	20.6	124	
4/26/2014	32.0	12.0	21.8	84	
4/27/2014	30.0	11.0	20.2	89	
4/28/2014	31.0	10.0	20.9	93	
4/29/2014	32.0	10.0	22.1	107	
4/30/2014	33.0	13.0	23.3	76	
5/1/2014	34.0	11.0	21.7	67	
5/2/2014	32.0	12.0	21.4	124	
5/3/2014	32.0	15.0	22.1	218	
5/4/2014	32.0	15.0	22.1	218	
5/5/2014	28.0	19.0	23.2	209	
5/6/2014	31.0	14.0	22.4	249	
5/7/2014	30.0	15.0	20.3	169	
5/8/2014	31.0	14.0	21.8	271	
5/9/2014	31.0	14.0	21.8	271	
5/10/2014	27.0	7.0	18.8	62	
5/11/2014	27.0	7.0	18.8	62	
5/12/2014	30.0	16.0	23.7	133	
5/13/2014	31.0	10.0	20.1	102	
5/14/2014	12.0	9.0	10.3	67	
5/15/2014	29.0	9.0	21.0	169	
5/16/2014	28.0	10.0	17.3	156	
5/17/2014	28.0	7.0	18.8	93	
5/18/2014	31.0	10.0	20.7	196	
5/19/2014	31.0	14.0	20.4	365	
5/20/2014	22.0	10.0	15.6	129	
5/21/2014	23.0	4.0	13.6	151	
5/22/2014	31.0	6.0	17.4	160	
5/23/2014	32.0	12.0	22.9	311	
5/24/2014	31.0	15.0	22.2	204	
5/25/2014	31.0	15.0	22.1	142	
5/26/2014	30.0	11.0	20.0	133	
5/27/2014	26.0	9.0	14.6	124	
5/28/2014	29.0	7.0	18.3	93	
5/29/2014	11.0	9.0	10.0	22	
5/30/2014	30.0	10.0	21.3	98	
5/31/2014	32.0	10.0	20.1	93	
6/1/2014	30.0	11.0	22.1	124	
6/2/2014	24.0	7.0	12.8	27	
6/3/2014	24.0	7.0	12.8	27	
6/4/2014	24.0	7.0	12.8	27	
6/5/2014	17.0	5.0	10.6	187	
6/6/2014	17.0	2.0	8.2	187	
6/7/2014	23.0	1.0	11.7	227	
6/8/2014	27.0	4.0	13.9	218	
6/9/2014	24.0	3.0	14.2	196	
6/10/2014	17.0	4.0	9.6	124	
6/11/2014	25.0	3.0	13.5	93	
6/12/2014	26.0	6.0	15.0	129	
6/13/2014	27.0	6.0	15.4	111	
6/14/2014	29.0	9.0	20.7	258	
6/15/2014	23.0	7.0	14.7	67	
6/16/2014	27.0	4.0	14.2	71	
6/17/2014	29.0	5.0	17.3	133	
6/18/2014	27.0	8.0	16.7	173	
6/19/2014	19.0	6.0	11.9	129	
6/20/2014	20.0	4.0	10.8	187	
6/21/2014	24.0	1.0	12.7	236	
6/22/2014	25.0	6.0	17.1	280	
6/23/2014	26.0	7.0	17.9	227	
6/24/2014	27.0	9.0	17.8	244	
6/25/2014	27.0	10.0	18.4	231	
6/26/2014	25.0	10.0	17.6	71	
6/27/2014	23.0	7.0	16.0	120	
6/28/2014	27.0	7.0	15.9	84	
6/29/2014	29.0	11.0	19.6	182	
6/30/2014	29.0	12.0	20.8	285	
7/1/2014	28.0	10.0	19.5	231	
7/2/2014	27.0	15.0	18.1	236	
7/3/2014	29.0	11.0	20.2	244	
7/4/2014	12.0	11.0	11.2	111	
7/5/2014	12.0	11.0	11.2	111	
7/6/2014	12.0	11.0	11.2	111	
7/7/2014	12.0	11.0	11.2	111	
7/8/2014	17.0	1.0	10.1	196	
7/9/2014	22.0	0	11.3	218	
7/10/2014	26.0	1.0	14.7	173	
7/11/2014	29.0	9.0	18.2	307	
7/12/2014	24.0	6.0	12.3	36	
7/13/2014	10.0	1.0	4.4	18	
7/14/2014	26.0	1.0	14.1	116	
7/15/2014	29.0	5.0	16.9	147	
7/16/2014	29.0	9.0	17.3	204	
7/17/2014	28.0	9.0	17.1	236	
7/18/2014	23.0	5.0	12.9	84	
7/19/2014	22.0	2.0	13.1	147	
7/20/2014	24.0	3.0	13.9	160	
7/21/2014	29.0	3.0	15.3	98	
7/22/2014	30.0	7.0	17.6	169	
7/23/2014	30.0	7.0	17.6	169	
7/24/2014	31.0	10.0	19.0	236	
7/25/2014	31.0	10.0	19.0	236	
7/26/2014	9.0	0	3.8	22	
7/27/2014	20.0	1.0	9.8	133	
7/28/2014	20.0	1.0	9.8	133	
7/29/2014	27.0	12.0	20.7	280	
7/30/2014	27.0	11.0	16.3	182	
7/31/2014	30.0	14.0	23.7	173	
8/1/2014	28.0	13.0	22.0	173	
8/2/2014	31.0	17.0	25.7	240	
8/3/2014	30.0	10.0	21.6	164	
8/4/2014	30.0	10.0	21.6	164	
8/5/2014	30.0	10.0	21.6	164	
8/6/2014	30.0	10.0	21.6	164	
8/7/2014	24.0	10.0	17.6	102	
8/8/2014	22.0	4.0	13.2	204	
8/9/2014	24.0	3.0	13.8	80	
8/10/2014	29.0	5.0	16.1	191	
8/11/2014	27.0	2.0	15.6	98	
8/12/2014	32.0	5.0	17.8	142	
8/13/2014	32.0	7.0	18.8	129	
8/14/2014	25.0	8.0	16.7	80	
8/15/2014	27.0	12.0	18.3	107	
8/16/2014	27.0	6.0	16.7	84	
8/17/2014	32.0	11.0	20.8	289	
8/18/2014	32.0	14.0	23.0	258	
