Date	Air Temp Max(ºC)	Air Temp Min(ºC)	Air Temp Avg(ºC)	Rainfall (cm)	WindSp (km/day)	
1/1/2011	31.0	17.6	23.6	6.7310	164	
1/2/2011	30.7	17.6	22.9	9.3726	138	
1/3/2011	29.2	20.5	22.9	0.0762	111	
1/4/2011	29.2	19.1	23.2	0.7620	160	
1/5/2011	29.2	19.6	21.1		151	
1/6/2011	33.4	20.5	26.3	0.0762	138	
1/7/2011	33.4	18.3	21.9	1.3716	102	
1/8/2011	33.4	18.3	21.9		102	
1/9/2011	33.4	18.3	21.9		102	
1/10/2011	33.4	18.3	21.9		102	
1/11/2011	34.3	23.0	24.3	0	133	
1/12/2011	34.3	19.5	26.1	0.8890	133	
1/13/2011	33.4	20.0	24.7	0.0508	160	
1/14/2011	32.0	17.9	23.0	0	120	
1/15/2011	34.2	18.0	25.2		160	
1/16/2011	34.2	19.0	24.9		156	
1/17/2011	34.1	18.0	22.6	2.5908	182	
1/18/2011	32.0	19.0	22.7	0.2794	147	
1/19/2011	28.4	17.0	19.7	0.2794	178	
1/20/2011	26.9	17.0	21.3	0	151	
1/21/2011	26.9	17.9	21.6	0.2032	151	
1/22/2011	27.3	18.0	21.6	0.2032	107	
1/23/2011	31.2	22.0	24.5	0	120	
1/24/2011	31.4	18.0	24.6		151	
1/25/2011	32.4	17.0	24.9		173	
1/26/2011	32.6	17.0	25.3		187	
1/27/2011	32.6	20.0	23.2	0.0508	164	
1/28/2011	29.4	19.0	22.7	0.6604	111	
1/29/2011	32.4	19.0	23.9	0	160	
1/30/2011	32.4	20.0	23.9		138	
1/31/2011	33.8	18.0	25.6		191	
2/1/2011	33.8	18.0	25.2		213	
2/2/2011	34.1	18.0	26.0		231	
2/3/2011	34.1	19.0	22.5	0.9144	191	
2/4/2011	31.6	19.0	19.8	0.9398	187	
2/5/2011	27.5	19.3	23.0	0.5588	218	
2/6/2011	31.0	19.0	24.3	0.5588	249	
2/7/2011	31.5	16.6	25.6	0	182	
2/8/2011	31.5	19.2	24.3	0.4572	169	
2/9/2011	29.5	18.5	22.7	0	156	
2/10/2011	32.5	18.6	24.6		196	
2/11/2011	34.7	18.3	25.4	0	169	
2/12/2011	34.7	19.0	25.2	0.3556	191	
2/13/2011	32.2	17.6	25.9	0.3556	204	
2/14/2011	32.5	18.6	26.1	0.1778	187	
2/15/2011	33.5	19.5	28.9	0.2032	285	
2/16/2011	34.8	17.7	30.7	0	280	
2/17/2011	34.8	19.3	28.5	0.3810	240	
2/18/2011	35.1	19.3	26.9	0	204	
2/19/2011	35.1	19.0	24.7	0	164	
2/20/2011	33.8	18.0	24.9		169	
2/21/2011	33.8	20.0	24.9	0.0508	249	
2/22/2011	32.4	18.0	23.2	0.3810	173	
2/23/2011	30.9	19.0	22.3	1.5494	138	
2/24/2011	31.2	18.8	23.4	2.7178	191	
2/25/2011	31.2	19.0	22.4	0.1016	160	
2/26/2011	28.6	18.0	21.1	0.1270	93	
2/27/2011	27.1	19.0	20.9	0.4826	156	
2/28/2011	27.1	19.0	21.1	2.4130	133	
3/1/2011	30.3	19.0	23.7	2.4384	191	
3/2/2011	30.3	18.0	22.3	0.1016	151	
3/3/2011	29.9	19.0	22.3	1.3208	102	
3/4/2011	30.5	18.0	21.9	4.5466	89	
3/5/2011	30.5	17.0	22.7	0.0254	129	
3/6/2011	29.6	16.0	22.2	0	129	
3/7/2011	31.4	17.0	23.6		124	
3/8/2011	31.7	18.0	23.9	0.0508	124	
3/9/2011	31.7	17.0	23.4	0.1016	187	
3/10/2011	30.7	18.9	22.9		200	
3/11/2011	30.4	19.0	23.2	0.0254	236	
3/12/2011	28.5	19.0	21.4	0.1778	151	
3/13/2011	31.4	18.0	23.9		98	
3/14/2011	33.5	19.0	24.5	0.0762	156	
3/15/2011	33.5	19.0	24.2	0.7366	209	
3/16/2011	32.5	18.0	20.1	0.7620	120	
3/17/2011	28.4	19.0	22.3	1.6510	187	
3/18/2011	30.9	18.0	24.2	0.0254	249	
3/19/2011	30.9	18.8	22.6	0.6604	156	
3/20/2011	31.8	19.0	23.2	0.5334	129	
3/21/2011	31.8	18.0	21.9	0.0508	98	
3/22/2011	28.7	18.0	21.6	4.4196	147	
3/23/2011	28.9	18.4	22.7	0	160	
3/24/2011	28.9	17.9	22.7	0.0254	156	
3/25/2011	29.7	19.0	23.2	0	138	
3/26/2011	29.7	18.0	21.9	0.1778	107	
3/27/2011	28.0	18.0	21.6	0.4318	173	
3/28/2011	27.0	19.0	21.7	0.7874	258	
3/29/2011	29.5	19.0	23.1		204	
3/30/2011	29.9	18.0	23.4	0	164	
3/31/2011	30.4	17.0	22.9	0.1270	169	
4/1/2011	31.0	17.0	23.6		124	
4/2/2011	31.6	18.0	24.1	0	120	
4/3/2011	31.6	17.0	23.2	0.0254	151	
4/4/2011	31.4	17.0	22.4	0	173	
4/5/2011	31.6	17.0	23.4	0.0508	173	
4/6/2011	31.6	17.0	22.4		111	
4/7/2011	30.5	18.0	19.8	0.1016	191	
4/8/2011	30.5	18.0	19.8		191	
4/9/2011	30.5	18.0	19.8		191	
4/10/2011	30.5	18.0	19.8		191	
4/11/2011	30.5	18.0	19.8		191	
4/12/2011	29.2	17.9	23.9	0	169	
4/13/2011	29.3	16.7	22.3	0.0254	169	
4/14/2011	29.5	16.0	21.9	0.0254	160	
4/15/2011	30.0	15.6	22.7	0	173	
4/16/2011	29.8	16.0	22.0	0.0254	187	
4/17/2011	29.1	16.0	21.6	0.0254	253	
4/18/2011	27.8	16.9	19.7	0.6096	240	
4/19/2011	27.0	15.7	20.8		178	
4/20/2011	27.0	16.8	20.7	3.8862	249	
4/21/2011	27.0	16.5	20.3	5.3848	289	
4/22/2011	26.4	15.0	20.3	1.8542	244	
4/23/2011	28.1	16.0	21.6	0.0254	173	
4/24/2011	29.2	17.7	22.2	0.0762	138	
4/25/2011	29.2	17.0	20.7	1.0414	173	
4/26/2011	27.5	17.0	21.1	0.3302	107	
4/27/2011	28.1	17.4	21.9	0.3556	138	
4/28/2011	30.0	16.5	22.4	0.0762	231	
4/29/2011	29.9	16.0	21.8	0	236	
4/30/2011	29.9	16.0	21.8		236	
5/1/2011	29.9	16.0	21.8		236	
5/2/2011	29.9	16.0	21.8		236	
5/3/2011	28.6	17.2	24.1	0	267	
5/4/2011	28.6	15.6	20.7		218	
5/5/2011	27.5	13.7	19.7		173	
5/6/2011	27.6	12.3	19.9	0	151	
5/7/2011	28.4	12.9	19.8	0.0254	142	
5/8/2011	28.4	11.0	18.3	0	178	
5/9/2011	29.0	11.9	23.2		204	
5/10/2011	28.7	13.3	21.7		236	
5/11/2011	28.2	15.0	20.5	0	191	
5/12/2011	28.5	12.0	19.5		164	
5/13/2011	29.0	12.0	19.1		138	
5/14/2011	28.9	8.8	16.4		133	
5/15/2011	28.8	13.0	17.6		133	
5/16/2011	29.6	8.0	18.3	0.0762	156	
5/17/2011	29.6	11.0	18.4		173	
5/18/2011	27.1	9.0	15.7		173	
5/19/2011	26.0	11.8	18.1		178	
5/20/2011	26.6	11.0	18.1		191	
5/21/2011	26.6	11.0	12.8		142	
5/22/2011	27.2	12.0	16.3	0.0254	133	
5/23/2011	27.7	9.9	18.2		160	
5/24/2011	28.6	8.0	18.2	0	124	
5/25/2011	29.5	9.0	17.9	0.0254	138	
5/26/2011	29.5	4.3	13.6		200	
5/27/2011	21.7	5.0	6.6		111	
5/28/2011	27.9	6.7	20.8	0	173	
5/29/2011	28.8	7.0	16.9		169	
5/30/2011	28.8	3.9	16.0		120	
5/31/2011	28.6	1.0	13.9		129	
6/1/2011	27.9	2.5	13.6		213	
6/2/2011	23.9	2.0	12.4		213	
6/3/2011	24.8	14.5	21.2		249	
6/4/2011	26.9	5.4	19.7		213	
6/5/2011	26.9	7.9	16.9	0	178	
6/6/2011	28.3	7.5	16.2		151	
6/7/2011	28.3	4.2	14.2		182	
6/8/2011	23.6	-3.9	10.6		102	
6/9/2011	23.1	0	10.0		156	
6/10/2011	25.0	-0.1	12.6		178	
6/11/2011	26.3	3.9	14.8		164	
6/12/2011	27.6	4.0	15.4		173	
6/13/2011	27.6	8.0	15.3		231	
6/14/2011	27.0	8.4	19.9		240	
6/15/2011	27.2	7.5	16.6		151	
6/16/2011	28.0	8.8	17.4		173	
6/17/2011	28.0	4.7	17.1		164	
6/18/2011	27.8	8.9	16.7	0.0254	240	
6/19/2011	27.1	8.0	16.3		231	
6/20/2011	26.9	7.8	16.1		262	
6/21/2011	26.0	7.8	19.9		253	
6/22/2011	26.8	7.3	15.3		187	
6/23/2011	27.6	4.5	15.4		138	
6/24/2011	28.8	6.0	16.2		124	
6/25/2011	19.0	2.6	8.6		133	
6/26/2011	19.4	-0.3	11.8		271	
6/27/2011	22.2	1.0	7.1		178	
6/28/2011	24.7	-1.8	11.4		133	
6/29/2011	27.7	2.2	13.5		142	
6/30/2011	26.5	4.8	10.0		200	
7/1/2011	26.5	4.8	10.0		200	
7/2/2011	28.1	2.4	13.7		147	
7/3/2011	12.0	3.0	7.2		133	
7/4/2011	27.6	4.8	19.3		138	
7/5/2011	27.6	6.7	16.1		164	
7/6/2011	26.5	5.5	12.1		178	
7/7/2011	21.8	3.7	12.1		187	
7/8/2011	22.0	2.7	10.4		218	
7/9/2011	23.6	5.9	19.6		342	
7/10/2011						
7/11/2011						
7/12/2011						
7/13/2011						
7/14/2011						
7/15/2011						
7/16/2011						
7/17/2011						
7/18/2011						
7/19/2011						
7/20/2011						
7/21/2011						
7/22/2011						
7/23/2011						
7/24/2011						
7/25/2011	25.8	11.0	20.1		151	
7/26/2011	25.8	0.4	11.7		178	
7/27/2011	22.4	4.0	7.1		151	
7/28/2011	25.0	6.2	18.2		156	
7/29/2011	25.0	3.4	15.6		249	
7/30/2011	23.4	4.0	12.3		231	
7/31/2011	23.1	2.9	11.9		218	
8/1/2011	25.0	3.7	13.7		218	
8/2/2011	26.1	7.3	18.0		258	
8/3/2011	26.5	7.0	14.8	0.0254	196	
8/4/2011	28.1	7.9	15.9		178	
8/5/2011	29.7	8.4	16.8		160	
8/6/2011	29.7	7.0	16.4		196	
8/7/2011	26.8	8.3	12.7		169	
8/8/2011	26.8	8.3	12.7		169	
8/9/2011	30.5	14.8	21.9		178	
8/10/2011	30.9	6.0	17.3		160	
8/11/2011	30.9	9.1	17.7		182	
8/12/2011	30.6	10.1	14.5		204	
8/13/2011	30.6	10.1	14.5		204	
8/14/2011	30.6	10.1	14.5		204	
8/15/2011	30.6	10.1	14.5		204	
8/16/2011	30.6	10.1	14.5		204	
8/17/2011	30.6	10.1	14.5		204	
8/18/2011	26.3	9.0	19.6		227	
8/19/2011	28.4	8.0	15.4		187	
8/20/2011	31.2	7.9	14.8		147	
8/21/2011	27.0	7.0	13.8		156	
8/22/2011	30.3	7.0	14.2		262	
8/23/2011	5.4	2.0	3.6		120	
8/24/2011						
8/25/2011						
8/26/2011						
8/27/2011						
8/28/2011						
8/29/2011						
8/30/2011						
8/31/2011						
9/1/2011						
9/2/2011						
9/3/2011						
9/4/2011						
9/5/2011						
9/6/2011						
9/7/2011	33.9	17.0	25.7		329	
9/8/2011	33.9	15.5	24.1		276	
9/9/2011	33.4	13.0	23.3		227	
9/10/2011	33.4	12.7	21.3		213	
9/11/2011	34.1	12.0	23.6		187	
9/12/2011	18.7	9.0	15.0		133	
9/13/2011	33.4	13.3	25.5		218	
9/14/2011	33.4	11.0	21.9		191	
9/15/2011	34.6	12.0	24.3		218	
9/16/2011	34.6	14.7	26.1		289	
9/17/2011	35.8	11.0	24.1		222	
9/18/2011	35.8	15.0	25.2		253	
9/19/2011	36.0	16.7	27.4		227	
9/20/2011	37.9	17.0	26.6		213	
9/21/2011	38.4	16.0	27.3		196	
9/22/2011	38.4	16.0	27.3		196	
9/23/2011	38.4	16.0	27.3		196	
9/24/2011	38.4	16.0	27.3		196	
9/25/2011	38.4	16.0	27.3		196	
9/26/2011	38.4	16.0	27.3		196	
9/27/2011	38.4	16.0	27.3		196	
9/28/2011	33.4	25.0	28.3		124	
9/29/2011	35.0	19.0	24.4	0.0254	213	
9/30/2011	35.5	16.6	28.9	0.0254	236	
10/1/2011	35.5	14.9	19.7		178	
10/2/2011	35.5	14.9	19.7		178	
10/3/2011	32.7	19.0	27.1		200	
10/4/2011	32.7	19.0	27.1		200	
10/5/2011	35.5	26.3	31.3		258	
10/6/2011						
10/7/2011						
10/8/2011						
10/9/2011						
10/10/2011						
10/11/2011						
10/12/2011						
10/13/2011						
10/14/2011						
10/15/2011						
10/16/2011						
10/17/2011						
10/18/2011						
10/19/2011						
10/20/2011						
10/21/2011						
10/22/2011						
10/23/2011						
10/24/2011						
10/25/2011						
10/26/2011						
10/27/2011						
10/28/2011						
10/29/2011						
10/30/2011						
10/31/2011						
11/1/2011						
11/2/2011						
11/3/2011						
11/4/2011						
11/5/2011						
11/6/2011						
11/7/2011	38.8	22.0	24.7		231	
11/8/2011	38.8	18.0	27.6		213	
11/9/2011	38.3	18.0	28.7		169	
11/10/2011	38.2	21.8	28.9		187	
11/11/2011	39.1	18.4	28.8		218	
11/12/2011	39.1	19.4	29.3		227	
11/13/2011	38.7	19.0	24.4		231	
11/14/2011	39.2	16.5	27.5		200	
11/15/2011	39.2	13.9	25.6		156	
11/16/2011	38.8	17.8	29.3		289	
11/17/2011	36.7	19.7	25.8	0.0508	253	
11/18/2011	34.0	19.9	25.3	0.1270	218	
11/19/2011	34.0	19.8	20.4	0.3048	124	
11/20/2011	33.1	19.3	24.1	1.2192	160	
11/21/2011	33.8	19.0	25.6	1.2446	147	
11/22/2011	33.8	18.0	21.9	0	160	
11/23/2011	35.4	13.0	24.3		187	
11/24/2011	35.4	11.5	24.1		182	
11/25/2011	35.2	14.6	25.6		253	
11/26/2011	35.8	17.0	26.5	0.0254	156	
11/27/2011	35.8	17.8	27.1		178	
11/28/2011	35.0	18.0	26.6		262	
11/29/2011	35.8	18.8	26.3	0.2286	209	
11/30/2011	35.8	18.0	24.2	4.5212	173	
12/1/2011	33.8	18.0	23.5	4.8514	187	
12/2/2011	33.8	20.0	25.1	0	120	
12/3/2011	33.8	18.3	26.2		169	
12/4/2011	33.4	18.0	22.7		213	
12/5/2011	32.5	18.0	19.8		138	
12/6/2011	28.1	18.8	21.1		191	
12/7/2011	32.4	18.7	24.9		120	
12/8/2011	32.4	17.9	21.9		236	
12/9/2011	31.7	17.0	24.5		138	
12/10/2011	32.0	14.0	23.6		98	
12/11/2011	33.0	11.0	23.5		133	
12/12/2011	36.2	13.5	26.1		164	
12/13/2011	36.2	12.5	23.4		160	
12/14/2011	33.4	8.9	20.8		147	
12/15/2011	34.1	14.9	19.7		156	
12/16/2011						
12/17/2011						
12/18/2011						
12/19/2011						
12/20/2011						
12/21/2011						
12/22/2011						
12/23/2011						
12/24/2011						
12/25/2011						
12/26/2011						
12/27/2011						
12/28/2011						
12/29/2011						
12/30/2011						
12/31/2011						
1/1/2012						
1/2/2012						
1/3/2012						
1/4/2012						
1/5/2012	38.5	31.0	35.5	0	280	
1/6/2012	39.0	36.0	36.9	0	253	
1/7/2012	38.0	34.0	36.4		382	
1/8/2012	35.0	27.0	31.4	0.1016	138	
1/9/2012	35.1	29.0	32.8	0	196	
1/10/2012	37.2	32.0	34.4	0.0508	200	
1/11/2012	36.4	25.0	32.0	0.1016	147	
1/12/2012	33.0	25.0	29.4	0	107	
8/12/2012	30.1	15.0	20.6	0	164	
8/13/2012	30.1	5.9	18.1	0	160	
8/14/2012	31.5	9.9	19.4		200	
8/15/2012	31.5	8.7	15.2		196	
8/16/2012	9.2	7.0	7.9		191	
8/17/2012	9.2	7.0	7.9		191	
8/18/2012	9.2	7.0	7.9		191	
8/19/2012	9.2	7.0	7.9		191	
8/20/2012	31.1	15.0	21.3		138	
8/21/2012	31.9	10.8	21.2		187	
8/22/2012	33.0	9.0	21.4		156	
8/23/2012	33.0	9.8	19.1		116	
8/24/2012	33.0	9.8	19.1		116	
8/25/2012	33.9	13.2	23.9		213	
8/26/2012	35.5	15.7	25.0		147	
8/27/2012	35.5	14.0	23.8		138	
8/28/2012	34.6	15.0	23.9		236	
8/29/2012	33.7	13.3	23.2		142	
8/30/2012	34.0	12.9	22.6		164	
8/31/2012	35.3	11.6	23.5		111	
9/1/2012	36.2	10.6	23.4		124	
9/2/2012	36.2	13.3	25.2		169	
9/3/2012	36.5	14.0	24.5		160	
9/4/2012	37.2	14.9	25.7		196	
9/5/2012	37.2	11.6	23.6		147	
9/6/2012	36.3	11.0	21.1		178	
9/7/2012	32.8	8.7	19.8		173	
9/8/2012	32.9	8.0	20.5		200	
9/9/2012	33.7	5.0	20.8		164	
9/10/2012	34.2	8.0	21.2		169	
9/11/2012	35.4	10.8	23.9		187	
9/12/2012	36.1	12.9	24.4		187	
9/13/2012	37.0	10.0	24.0		156	
9/14/2012	37.0	12.0	25.3		169	
9/15/2012	36.3	18.8	26.5		209	
9/16/2012	35.6	22.0	27.4		231	
9/17/2012	35.6	19.0	26.0		267	
9/18/2012	35.4	17.6	25.7		227	
9/19/2012	36.5	15.4	25.1		222	
9/20/2012	36.9	17.5	25.8		222	
9/21/2012	37.2	18.0	23.1		240	
9/22/2012	37.2	14.0	23.9		227	
9/23/2012	37.3	11.0	24.8		151	
9/24/2012	37.7	15.9	26.4		213	
9/25/2012	37.7	14.0	25.5		218	
9/26/2012	37.0	15.8	26.8		222	
9/27/2012	36.8	18.0	23.6		182	
9/28/2012	36.4	15.0	22.4		222	
9/29/2012	34.0	8.4	20.6		204	
9/30/2012	34.6	13.0	23.4		253	
10/1/2012	37.2	12.5	26.4		191	
10/2/2012	39.1	17.0	28.3		236	
10/3/2012	39.1	21.0	29.1		191	
10/4/2012	38.8	21.6	30.4	0.0254	222	
10/5/2012	39.3	20.9	30.2		222	
10/6/2012	39.9	20.4	29.9		240	
10/7/2012	39.9	19.0	27.3		218	
10/8/2012	39.4	13.0	25.7		187	
10/9/2012	37.9	20.0	27.8		191	
10/10/2012	37.9	18.9	27.3	0.0762	240	
10/11/2012	37.9	18.9	27.3		240	
10/12/2012	38.9	18.4	29.4	0	191	
10/13/2012	39.6	16.9	28.8		187	
10/14/2012	39.6	15.0	26.1		142	
10/15/2012	39.0	13.8	27.1		138	
10/16/2012	40.1	20.0	29.7		231	
10/17/2012	40.1	16.7	26.8		196	
10/18/2012	39.7	13.0	25.7		209	
10/19/2012	38.5	10.0	24.2		236	
10/20/2012	37.3	12.0	23.9		213	
10/21/2012	36.9	13.8	26.3		187	
10/22/2012	37.8	15.4	27.9		196	
10/23/2012	39.0	17.6	29.6		196	
10/24/2012	39.1	16.0	28.6		182	
10/25/2012	39.1	18.0	28.8		200	
10/26/2012	38.3	21.0	27.2		191	
10/27/2012	31.0	18.0	26.3		209	
10/28/2012	37.0	21.0	27.6		222	
10/29/2012	34.0	21.0	26.6		160	
10/30/2012	39.0	19.0	29.8		222	
10/31/2012	39.6	21.0	30.1		218	
11/1/2012	38.8	17.2	27.7		191	
11/2/2012	38.1	17.0	26.3		213	
11/3/2012	37.0	18.4	26.3	0.1016	249	
11/4/2012	36.0	20.0	24.9		227	
11/5/2012	36.4	19.7	27.3		244	
11/6/2012	38.5	20.6	29.9		191	
11/7/2012	39.4	23.1	31.4		151	
11/8/2012	41.3	23.0	30.8		236	
11/9/2012	41.3	18.0	29.8		196	
11/10/2012	40.4	16.0	29.6		182	
11/11/2012	40.4	20.7	27.5		160	
11/12/2012	36.9	21.8	24.2		120	
11/13/2012	36.9	21.8	24.2		120	
11/14/2012	39.8	22.1	32.6		169	
11/15/2012	39.8	20.5	28.3		222	
11/16/2012	38.6	22.0	30.1		138	
11/17/2012	38.6	22.0	29.8		160	
11/18/2012	38.6	20.0	28.4		307	
11/19/2012	37.0	20.8	27.2		227	
11/20/2012	36.9	17.5	25.6	2.6670	204	
11/21/2012	36.9	17.5	22.9	0.2794	124	
11/22/2012	31.8	21.1	24.6	0	196	
11/23/2012	32.2	20.0	24.1	0.0254	196	
11/24/2012	34.4	18.8	24.8	0	120	
11/25/2012	35.7	18.0	27.1		151	
11/26/2012	35.7	21.0	27.6		240	
11/27/2012	35.7	21.4	28.1	0	267	
11/28/2012	35.7	20.9	25.2		333	
11/29/2012	33.6	19.6	23.4	0	164	
11/30/2012	30.0	18.8	21.6	0	133	
12/1/2012	32.2	19.8	25.4	0	164	
12/2/2012	34.2	18.6	26.1		142	
12/3/2012	35.6	18.0	27.2	0	138	
12/4/2012	35.6	17.0	26.6		129	
12/5/2012	36.1	17.0	26.4		142	
12/6/2012	36.1	17.0	28.4		142	
12/7/2012	36.3	18.6	26.3		196	
12/8/2012	36.3	20.0	24.9		204	
12/9/2012	36.9	20.0	28.9		133	
12/10/2012	37.9	20.0	28.2		196	
12/11/2012	37.9	16.0	26.2		231	
12/12/2012	35.8	10.1	23.8		160	
12/13/2012	35.4	13.2	25.9		169	
12/14/2012	36.2	16.0	26.4		129	
12/15/2012	37.4	17.6	27.8		169	
12/16/2012	39.0	17.3	28.2		173	
12/17/2012	39.0	18.6	27.9		169	
12/18/2012	37.5	23.0	26.4	0.0254	182	
12/19/2012	35.9	18.5	27.2	0	262	
12/20/2012	35.9	18.5	23.0		151	
12/21/2012	31.8	18.0	23.8		138	
12/22/2012	34.0	19.7	24.9	0	160	
12/23/2012	34.0	19.0	25.2	0.0508	164	
12/24/2012	33.6	20.9	25.4	0.0508	173	
12/25/2012	37.2	21.2	26.8		187	
12/26/2012	37.2	19.0	26.6	0.0508	169	
12/27/2012	35.5	18.0	25.5	0.0254	196	
12/28/2012	35.5	19.0	25.8	0.0254	160	
12/29/2012	37.2	18.0	25.0	0	173	
12/30/2012	37.2	20.0	24.5		160	
12/31/2012	34.1	19.0	24.3		178	
1/1/2013	32.5	20.0	23.1		116	
1/2/2013	34.4	19.0	25.6		164	
1/3/2013	36.9	17.0	26.5		191	
1/4/2013	36.9	16.6	26.3	0.0254	182	
1/5/2013	36.6	18.0	26.7		151	
1/6/2013	35.4	16.6	26.1		196	
1/7/2013	35.4	16.9	26.3		187	
1/8/2013	34.8	21.0	25.4	0.0254	222	
1/9/2013	34.8	21.0	24.5		191	
1/10/2013	31.9	19.8	22.0		160	
1/11/2013	31.3	18.0	22.7		160	
1/12/2013	35.2	16.0	25.9	0	129	
1/13/2013	36.7	17.0	27.7	0	169	
1/14/2013	37.0	17.0	26.7		156	
1/15/2013	37.0	21.0	26.2	0	156	
1/16/2013	38.7	20.8	26.2	0	196	
1/17/2013	38.7	20.0	26.1	0.0254	236	
1/18/2013	37.5	19.0	26.6	0	196	
1/19/2013	38.1	20.0	28.2		178	
1/20/2013	38.1	17.0	28.1		191	
1/21/2013	37.9	16.6	26.8		138	
1/22/2013	40.5	28.0	35.6		285	
1/23/2013	40.5	28.0	35.6		285	
1/24/2013	37.9	20.6	31.9		262	
1/25/2013	38.2	19.2	30.1		218	
1/26/2013	38.6	20.0	29.8		240	
1/27/2013	38.1	20.9	29.1	0.0254	213	
1/28/2013	37.7	19.0	27.1		218	
1/29/2013	37.6	21.0	27.9	0	200	
1/30/2013	37.9	21.0	26.9	0.0762	164	
1/31/2013	39.3	21.0	28.3	0.0508	164	
2/1/2013	39.3	18.0	28.6	0.0254	196	
2/2/2013	41.7	16.0	29.5		147	
2/3/2013	41.7	18.0	26.6		156	
2/4/2013	38.0	18.0	25.9		191	
2/5/2013	38.1	19.0	28.6		164	
2/6/2013	38.1	19.0	29.6		191	
2/7/2013	37.9	20.9	27.1		244	
2/8/2013	38.2	20.0	28.2	0.0762	142	
2/9/2013	39.0	19.5	29.9		187	
2/10/2013	39.0	20.0	29.1		236	
2/11/2013	38.9	17.6	28.8		124	
2/12/2013	38.9	20.9	25.3	0.0254	262	
2/13/2013	37.6	19.0	26.4	0	124	
2/14/2013	35.8	16.0	24.8		133	
2/15/2013	35.6	19.0	20.3	0	84	
2/16/2013	35.6	19.0	20.3		84	
2/17/2013	36.4	20.7	31.2	0	347	
2/18/2013	36.4	20.0	25.9	0.0508	182	
2/19/2013	35.0	19.0	25.0		138	
2/20/2013	36.3	17.0	27.1	0.0254	129	
2/21/2013	36.3	21.8	27.3	0	129	
2/22/2013	36.1	23.8	27.6	0	178	
2/23/2013	36.0	20.0	25.6		227	
2/24/2013	36.2	18.0	27.4	0.0762	187	
2/25/2013	37.9	20.0	28.9	0	178	
2/26/2013	38.0	20.0	29.6		240	
2/27/2013	38.0	21.9	28.6		204	
2/28/2013	39.1	19.0	28.2		156	
3/1/2013	39.1	18.0	29.3		156	
3/2/2013	39.0	20.9	29.6		253	
3/3/2013	39.0	24.0	28.8		173	
3/4/2013	38.3	21.8	27.6		231	
3/5/2013	36.0	22.0	26.6		213	
3/6/2013	36.3	21.0	26.0		182	
3/7/2013	36.5	20.0	27.6	0.0508	124	
3/8/2013	37.3	15.9	29.1	0.0508	156	
3/9/2013	38.9	17.8	30.1		147	
3/10/2013	38.9	21.0	26.0	0.1270	187	
3/11/2013	35.2	20.0	24.8	0	262	
3/12/2013	34.5	22.9	27.4		311	
3/13/2013	35.7	18.0	27.3	0.0508	258	
3/14/2013	36.8	18.0	26.9	0	196	
3/15/2013	36.8	18.9	27.6	0.0254	160	
3/16/2013	38.0	21.0	29.9		151	
3/17/2013	38.4	22.8	29.7		133	
3/18/2013	39.7	21.5	30.8		151	
3/19/2013	39.7	20.0	29.6		129	
3/20/2013	39.4	19.0	28.6		213	
3/21/2013	39.4	21.0	28.4		222	
3/22/2013	38.3	19.5	28.5	0.0254	196	
3/23/2013	36.9	17.0	27.6		191	
3/24/2013	37.5	21.5	28.5		244	
3/25/2013	37.5	20.0	24.0	0.1524	231	
3/26/2013	36.0	21.5	29.9	0.1524	249	
3/27/2013	36.0	20.0	23.9	0.1778	182	
3/28/2013	30.8	20.0	24.3	0	178	
3/29/2013	30.8	20.0	22.7		129	
3/30/2013	27.6	18.0	21.6	0.1016	231	
3/31/2013	30.4	17.8	22.7	0.0254	240	
4/1/2013	32.3	14.0	22.4	0	138	
4/2/2013	35.0	14.6	24.8	0.0254	160	
4/3/2013	35.6	13.0	25.1	0.0508	156	
4/4/2013	35.6	16.7	25.3		204	
4/5/2013	34.5	14.6	27.7		200	
4/6/2013	34.5	13.0	23.4		147	
4/7/2013	33.6	13.5	24.3		164	
4/8/2013	34.9	14.6	25.1	0.0254	142	
4/9/2013	35.7	15.8	25.8		178	
4/10/2013	35.3	14.8	24.8		138	
4/11/2013	34.4	14.0	25.1	0	151	
4/12/2013	44.4	18.1	28.2	0	209	
4/13/2013	35.8	18.4	26.7		169	
4/14/2013	41.7	20.0	26.5		231	
4/15/2013	25.0	21.0	23.2		111	
4/16/2013						
4/17/2013						
4/18/2013						
4/19/2013						
4/20/2013						
4/21/2013						
4/22/2013						
4/23/2013						
4/24/2013						
4/25/2013						
4/26/2013						
4/27/2013						
4/28/2013						
4/29/2013						
4/30/2013						
5/1/2013						
5/2/2013						
5/3/2013						
5/4/2013						
5/5/2013						
5/6/2013						
5/7/2013						
5/8/2013						
5/9/2013						
5/10/2013						
5/11/2013						
5/12/2013						
5/13/2013						
5/14/2013						
5/15/2013						
5/16/2013						
5/17/2013						
5/18/2013						
5/19/2013						
5/20/2013						
5/21/2013						
5/22/2013						
5/23/2013						
5/24/2013						
5/25/2013						
5/26/2013						
5/27/2013						
5/28/2013						
5/29/2013						
5/30/2013						
5/31/2013						
6/1/2013						
6/2/2013						
6/3/2013						
6/4/2013						
6/5/2013						
6/6/2013						
6/7/2013						
6/8/2013						
6/9/2013						
6/10/2013						
6/11/2013						
6/12/2013						
6/13/2013						
6/14/2013						
6/15/2013						
6/16/2013						
6/17/2013						
6/18/2013						
6/19/2013						
6/20/2013						
6/21/2013						
6/22/2013						
6/23/2013						
6/24/2013						
6/25/2013						
6/26/2013						
6/27/2013						
6/28/2013						
6/29/2013						
6/30/2013						
7/1/2013						
7/2/2013						
7/3/2013						
7/4/2013						
7/5/2013						
7/6/2013						
7/7/2013						
7/8/2013						
7/9/2013						
7/10/2013						
7/11/2013						
7/12/2013						
7/13/2013						
7/14/2013						
7/15/2013						
7/16/2013						
7/17/2013						
7/18/2013						
7/19/2013						
7/20/2013						
7/21/2013						
7/22/2013						
7/23/2013						
7/24/2013	28.4	14.0	21.2		156	
7/25/2013	29.0	9.0	19.0		262	
7/26/2013	29.0	8.0	18.3		173	
7/27/2013	30.4	8.0	19.1		116	
7/28/2013	30.9	10.7	20.7		182	
7/29/2013	30.9	10.2	19.4		236	
7/30/2013	29.7	9.7	18.1		236	
7/31/2013	28.5	7.6	19.0		218	
8/1/2013	28.7	13.8	20.6		236	
8/2/2013	28.7	10.6	18.4		209	
8/3/2013	27.0	7.0	17.2		182	
8/4/2013	28.9	10.0	18.8		164	
8/5/2013	29.0	12.0	19.7		244	
8/6/2013	29.2	12.5	22.4		169	
8/7/2013	30.1	9.4	19.7		164	
8/8/2013	30.1	10.0	17.7		160	
8/9/2013	29.6	7.0	17.2		138	
8/10/2013	30.4	9.7	19.2		209	
8/11/2013	30.4	8.4	19.5		164	
8/12/2013	32.1	7.0	19.6		147	
8/13/2013	32.4	8.8	21.6		151	
8/14/2013	32.4	6.0	19.3		164	
8/15/2013	31.8	5.9	18.3		173	
8/16/2013	31.9	7.8	20.5		151	
8/17/2013	31.9	6.0	19.4		129	
8/18/2013	33.9	9.0	21.3		156	
8/19/2013	33.9	9.1	20.4		196	
8/20/2013	33.5	11.0	21.6		196	
8/21/2013	33.5	11.0	21.5		160	
8/22/2013	33.3	8.9	22.6		133	
8/23/2013	34.2	13.7	23.3		178	
8/24/2013	34.2	12.8	22.3		151	
8/25/2013	34.1	11.9	22.6		178	
8/26/2013	34.1	15.1	23.3		182	
8/27/2013	33.3	15.9	23.6		138	
8/28/2013	33.6	16.0	24.8		191	
8/29/2013	33.6	9.0	21.6		169	
8/30/2013	33.5	8.0	17.4		227	
8/31/2013	28.8	3.0	15.7		142	
9/1/2013	30.3	6.4	18.0		182	
9/2/2013	32.6	10.7	21.3		231	
9/3/2013	33.3	12.0	22.9		187	
9/4/2013	35.5	14.4	24.6		231	
9/5/2013	35.7	15.0	24.8		240	
9/6/2013	36.3	15.0	25.4		191	
9/7/2013	36.3	17.0	24.9		178	
9/8/2013	34.4	16.0	24.9		151	
9/9/2013	36.1	16.0	25.2		178	
9/10/2013	36.8	16.0	26.3		164	
9/11/2013	36.9	15.9	25.8		191	
9/12/2013	36.9	15.9	24.8		200	
9/13/2013	36.4	10.4	22.7		173	
9/14/2013	35.8	15.0	24.7		191	
9/15/2013	36.8	15.1	26.2		191	
9/16/2013	37.9	15.0	26.2		160	
9/17/2013	38.6	17.0	28.6		209	
9/18/2013	38.7	20.0	29.7		236	
9/19/2013	38.7	17.0	24.4		276	
9/20/2013	27.5	11.0	18.6		236	
9/21/2013	29.7	7.0	17.6		164	
9/22/2013	30.4	12.0	21.3		231	
9/23/2013	35.9	15.0	25.6		209	
9/24/2013	35.9	19.1	26.8		316	
9/25/2013	35.2	20.0	26.7		218	
9/26/2013	35.6	18.0	25.1		196	
9/27/2013	35.6	18.0	25.1		196	
9/28/2013	35.6	18.0	25.1		196	
9/29/2013	35.6	18.0	25.1		196	
9/30/2013	38.0	15.5	27.4		204	
10/1/2013	37.5	19.0	26.6		307	
10/2/2013	35.2	13.6	25.4		267	
10/3/2013	34.7	12.0	24.9		191	
10/4/2013	36.3	14.9	25.9		222	
10/5/2013	37.1	15.4	26.7		209	
10/6/2013	38.2	16.9	27.8		231	
10/7/2013	39.0	18.8	28.9		209	
10/8/2013	39.3	21.5	29.4		227	
10/9/2013	39.3	22.6	29.7		285	
10/10/2013	38.1	25.0	28.9		213	
10/11/2013	39.1	24.5	31.1		231	
10/12/2013	39.5	24.0	30.5		218	
10/13/2013	40.4	21.0	30.4		213	
10/14/2013	40.4	22.0	29.9		271	
10/15/2013	39.3	21.0	29.7		191	
10/16/2013	39.3	20.6	27.9	0.0254	142	
10/17/2013	37.4	21.7	28.2	0	107	
10/18/2013	38.5	20.4	31.3		289	
10/19/2013	38.5	22.0	28.0		182	
10/20/2013	36.1	21.0	28.1		311	
10/21/2013	36.1	15.4	30.6		285	
10/22/2013	34.8	18.0	28.9		213	
10/23/2013	34.8	18.0	28.9		213	
10/24/2013	34.8	18.0	28.9		213	
10/25/2013	34.8	18.0	28.9		213	
10/26/2013	34.8	18.0	28.9		213	
10/27/2013	34.8	18.0	28.9		213	
10/28/2013	34.8	18.0	28.9		213	
10/29/2013	34.8	18.0	28.9		213	
10/30/2013	37.1	21.0	28.7		262	
10/31/2013	20.1	15.0	17.3		169	
11/1/2013	35.9	14.7	24.7		218	
11/2/2013	36.2	13.0	25.1		173	
11/3/2013	37.4	17.0	27.9		187	
11/4/2013	37.3	16.5	29.2		209	
11/5/2013	38.3	19.4	26.8		244	
11/6/2013	37.8	17.7	27.5		156	
11/7/2013	37.9	19.0	28.6		218	
11/8/2013	37.9	20.9	27.8		138	
11/9/2013	39.2	22.0	29.8		196	
11/10/2013	40.5	20.0	30.4		249	
11/11/2013	40.5	22.9	30.7		173	
11/12/2013	40.5	22.9	30.7		173	
11/13/2013	39.3	22.0	24.6	0.0508	200	
11/14/2013	36.6	19.9	25.7	0	147	
11/15/2013	33.6	20.0	25.9	0.0254	160	
11/16/2013	36.1	18.0	28.6	0	138	
11/17/2013	36.2	20.0	29.1		160	
11/18/2013	37.7	22.0	29.1		249	
11/19/2013	37.7	17.0	26.7		164	
11/20/2013	37.2	15.2	26.9		120	
11/21/2013	37.2	21.0	27.1		129	
11/22/2013	36.8	20.0	25.2		293	
11/23/2013	36.8	21.0	27.6	0.2032	222	
11/24/2013	36.6	20.0	27.3	0	169	
11/25/2013	36.5	19.0	25.9	0	160	
11/26/2013	35.5	20.0	23.6		240	
11/27/2013	37.1	20.0	27.9		209	
11/28/2013	39.8	20.9	28.5		218	
11/29/2013	39.8	18.9	26.8	0.0762	133	
11/30/2013	37.3	20.0	26.8	0	169	
12/1/2013	37.3	19.0	22.1	0	204	
12/2/2013	27.3	18.0	20.9		191	
12/3/2013	31.8	19.0	23.8		147	
12/4/2013	34.6	19.8	25.8		124	
12/5/2013	34.6	20.6	25.9		222	
12/6/2013	34.6	21.0	25.2		142	
12/7/2013	34.6	19.0	24.0		196	
12/8/2013	31.3	19.0	21.2		200	
12/9/2013	29.5	19.0	21.8		120	
12/10/2013	26.0	16.9	20.6		147	
12/11/2013	26.0	16.9	20.6		147	
12/12/2013	36.1	31.0	33.8		200	
12/13/2013	37.2	15.9	23.2		156	
12/14/2013	37.0	24.0	31.1		285	
12/15/2013	37.0	24.0	31.1		285	
12/16/2013	37.0	24.0	31.1		285	
12/17/2013	37.0	24.0	31.1		285	
12/18/2013	37.0	24.0	31.1		285	
12/19/2013	37.0	24.0	31.1		285	
12/20/2013	32.9	26.0	28.8		342	
12/21/2013	28.6	21.0	21.8		191	
12/22/2013	40.3	20.0	25.5	0	240	
12/23/2013	40.3	20.0	25.5		240	
12/24/2013	36.1	21.9	25.9		218	
12/25/2013	36.1	20.0	24.8		124	
12/26/2013	33.1	20.0	24.0		111	
12/27/2013	36.0	17.6	25.1		129	
12/28/2013	36.0	23.0	28.1		133	
12/29/2013	36.3	17.1	27.1		147	
12/30/2013	36.3	19.7	27.7		124	
12/31/2013	36.4	21.4	28.0		196	
1/1/2014	36.7	19.0	27.1		191	
1/2/2014	36.7	20.8	29.1		182	
1/3/2014	36.5	20.0	27.8		169	
1/4/2014	36.5	20.0	27.8		169	
1/5/2014	36.0	16.1	26.3		258	
1/6/2014	34.6	14.0	22.3		253	
1/7/2014	34.6	14.0	22.3		253	
1/8/2014	32.2	20.0	24.9		169	
1/9/2014	40.0	13.8	25.3		156	
1/10/2014	43.0	16.9	26.6		156	
1/11/2014	37.4	17.4	30.5		196	
1/12/2014	30.0	18.0	24.3		142	
1/13/2014	37.9	21.1	28.3		298	
1/14/2014	37.9	21.0	26.3		156	
1/15/2014	32.6	19.6	25.3		258	
1/16/2014	33.4	21.0	23.6		160	
1/17/2014	33.4	21.0	25.5		182	
1/18/2014	36.9	20.0	27.9		138	
1/19/2014	36.9	22.9	26.8		151	
1/20/2014	36.0	21.7	26.8		209	
1/21/2014	37.6	22.0	30.2		258	
1/22/2014	37.6	22.0	26.7		164	
1/23/2014	35.7	21.8	27.2		160	
1/24/2014	37.3	22.0	27.2		151	
1/25/2014	37.3	21.0	25.5		156	
1/26/2014	36.2	19.0	25.7		142	
1/27/2014	36.2	19.0	24.2		160	
1/28/2014	33.0	18.9	25.1		116	
1/29/2014	34.4	15.0	24.0		178	
1/30/2014	35.0	16.0	25.8		160	
1/31/2014	35.1	16.0	26.2		200	
2/1/2014	35.3	22.9	26.5		244	
2/2/2014	35.5	20.8	26.9		249	
2/3/2014	35.5	21.0	27.7		191	
2/4/2014	35.7	20.0	26.3		200	
2/5/2014	35.7	16.8	24.8		182	
2/6/2014	35.7	16.8	24.8		182	
2/7/2014	36.7	21.0	27.8		191	
2/8/2014	38.5	15.9	27.1		169	
2/9/2014	38.5	18.0	27.3		209	
2/10/2014	37.2	19.0	22.3		173	
2/11/2014	29.2	17.0	19.9		213	
2/12/2014	29.4	18.0	22.6		133	
2/13/2014	33.2	17.0	24.8		178	
2/14/2014	34.2	19.0	26.6		204	
2/15/2014	35.0	19.0	26.0		227	
2/16/2014	35.0	20.8	27.7		222	
2/17/2014	35.2	21.0	27.8		249	
2/18/2014	35.2	20.0	24.7		138	
2/19/2014	36.3	23.0	27.2		200	
2/20/2014	35.8	23.6	28.3		169	
2/21/2014	35.0	20.5	27.0		111	
2/22/2014	36.2	21.0	25.4		169	
2/23/2014	36.2	20.0	25.7		209	
2/24/2014	33.7	20.0	22.5		187	
2/25/2014	30.6	20.0	23.6		227	
2/26/2014	29.6	20.0	22.8		173	
2/27/2014	28.8	20.0	23.2		164	
2/28/2014	28.8	20.0	22.3		147	
3/1/2014	28.9	19.0	22.5		173	
3/2/2014	33.3	17.0	23.9		133	
3/3/2014	34.6	19.6	25.5		160	
3/4/2014	34.6	16.0	24.9		116	
3/5/2014	33.7	19.0	25.1		160	
3/6/2014	32.2	20.0	24.8	1.1938	160	
3/7/2014	33.2	19.0	24.3	0.3048	116	
3/8/2014	33.2	20.0	23.9	0.5080	164	
3/9/2014	32.2	20.0	24.1	0	98	
3/10/2014	31.8	19.0	26.1	0	98	
3/11/2014	31.9	19.0	23.1	0.1016	129	
3/12/2014	31.9	18.0	23.2	0.2032	107	
3/13/2014	30.8	16.4	21.3	0	160	
3/14/2014	29.5	17.0	22.4		120	
3/15/2014	31.5	20.0	26.6		196	
3/16/2014	32.6	20.0	25.2		209	
3/17/2014	32.6	21.0	23.6		160	
3/18/2014	31.2	19.0	24.1	0.0508	102	
3/19/2014	31.2	19.8	24.6	0	107	
3/20/2014	31.8	18.0	24.5	0.7112	107	
3/21/2014	32.3	17.0	21.9	0	98	
3/22/2014	32.3	19.6	23.8		227	
3/23/2014	32.3	18.0	21.9	3.9116	133	
3/24/2014	28.3	18.5	21.5	0	142	
3/25/2014	30.8	19.0	22.8	0.8890	102	
3/26/2014	31.6	17.0	24.2	0	120	
3/27/2014	31.6	18.9	23.2		124	
3/28/2014	31.2	18.0	23.9	1.3970	116	
3/29/2014	31.2	15.0	23.5	0	102	
3/30/2014	31.1	17.0	22.6		107	
3/31/2014	31.1	19.9	23.6		124	
4/1/2014	31.4	20.0	24.1		102	
4/2/2014	31.4	19.0	22.8		107	
4/3/2014	28.7	18.5	22.5		151	
4/4/2014	30.4	16.0	23.1		169	
4/5/2014	31.2	20.0	24.6	0.1016	169	
4/6/2014	31.2	19.6	23.3	0.1016	333	
4/7/2014	31.2	18.0	23.1	0	200	
4/8/2014	30.9	17.9	23.4		196	
4/9/2014	30.9	15.0	22.6		178	
4/10/2014	30.3	14.0	21.2		262	
4/11/2014	28.2	14.0	20.1		329	
4/12/2014	27.6	15.0	20.4		253	
4/13/2014	27.6	15.0	20.4		253	
4/14/2014	28.7	15.8	22.4		160	
4/15/2014	31.3	14.7	21.7		138	
4/16/2014	32.8	16.9	23.6		164	
4/17/2014	32.8	17.5	23.9		151	
4/18/2014	32.5	16.8	24.1		244	
4/19/2014	29.8	14.3	23.7		244	
4/20/2014	29.8	16.0	21.8		182	
4/21/2014	31.1	16.0	23.4		156	
4/22/2014	32.1	18.0	22.8		89	
4/23/2014	32.1	14.0	22.0		111	
4/24/2014	31.5	13.0	21.9		169	
4/25/2014	31.2	15.0	22.8		227	
4/26/2014	31.2	16.9	22.9		182	
4/27/2014	31.8	16.9	23.6		200	
4/28/2014	32.3	14.0	23.6		169	
4/29/2014	32.3	14.0	16.4		116	
4/30/2014	32.5	11.0	21.8		147	
5/1/2014	32.5	12.0	21.2		169	
5/2/2014	31.5	13.0	22.1		213	
5/3/2014	31.2	11.7	21.1		178	
5/4/2014	31.5	13.0	18.4		178	
5/5/2014	31.5	13.4	20.8		182	
5/6/2014	29.5	13.3	17.1		187	
5/7/2014	29.5	13.3	17.1		187	
5/8/2014	32.4	13.9	23.3		182	
5/9/2014	32.4	16.0	16.8		133	
5/10/2014	31.1	14.0	24.0		164	
5/11/2014	31.1	14.0	24.0		164	
5/12/2014	32.4	15.2	25.4		138	
5/13/2014	32.4	13.8	20.4		156	
5/14/2014	32.1	11.0	20.2		182	
5/15/2014	31.1	11.0	20.2		142	
5/16/2014	31.1	9.4	19.6		138	
5/17/2014	30.0	20.2	28.1		160	
5/18/2014	39.0	24.0	30.2		178	
5/19/2014	39.0	24.0	30.2		178	
5/20/2014	39.0	24.0	30.2		178	
5/21/2014	39.0	24.0	30.2		178	
5/22/2014	39.0	24.0	30.2		178	
5/23/2014	39.0	24.0	30.2		178	
5/24/2014	39.0	24.0	30.2		178	
5/25/2014	27.7	22.0	25.7		200	
5/26/2014	28.2	19.3	27.0		240	
5/27/2014	27.0	20.0	25.6		298	
5/28/2014	27.0	21.0	25.5		151	
5/29/2014	27.0	21.0	25.5		151	
5/30/2014	27.0	21.0	25.5		151	
5/31/2014	29.1	20.6	27.6		276	
6/1/2014	28.0	21.0	26.5		182	
6/2/2014	28.0	21.0	26.5		182	
6/3/2014	28.0	21.0	26.5		182	
6/4/2014	28.0	21.0	26.5		182	
6/5/2014	28.0	21.0	26.5		182	
6/6/2014	28.0	21.0	26.5		182	
6/7/2014	20.2	8.9	16.5		329	
6/8/2014	25.0	8.9	21.4		271	
6/9/2014	26.0	9.8	21.7		133	
6/10/2014	25.0	9.5	15.9		187	
6/11/2014	26.1	10.8	20.4		262	
6/12/2014	26.4	15.4	24.6		209	
6/13/2014	38.0	20.0	26.3		151	
6/14/2014	28.0	16.0	24.7		156	
6/15/2014	29.9	18.9	25.7		151	
6/16/2014	39.6	12.1	26.9		160	
6/17/2014	28.5	17.9	26.1		164	
6/18/2014	28.7	19.9	26.4		142	
6/19/2014	29.4	18.7	27.5		280	
6/20/2014	29.4	18.7	27.5		280	
6/21/2014	29.4	18.7	27.8		418	
6/22/2014	25.0	18.6	23.5		280	
6/23/2014	25.3	19.0	22.4		267	
6/24/2014	27.0	19.2	24.6		329	
6/25/2014	27.0	19.2	24.6		329	
6/26/2014	27.0	21.0	25.5		164	
6/27/2014	29.0	17.4	25.9		227	
6/28/2014	29.1	18.1	26.4		293	
6/29/2014	29.0	19.9	26.9		369	
6/30/2014	27.6	21.0	25.9		329	
7/1/2014	27.6	21.0	25.9		329	
7/2/2014	27.6	21.0	25.9		329	
7/3/2014	27.6	21.0	25.9		329	
7/4/2014	27.6	21.0	25.9		329	
7/5/2014	27.6	21.0	25.9		329	
7/6/2014	27.6	21.0	25.9		329	
7/7/2014	27.6	21.0	25.9		329	
7/8/2014	27.6	21.0	25.9		329	
7/9/2014	28.0	18.0	25.2		160	
7/10/2014	27.2	17.3	25.6		276	
7/11/2014	27.1	17.8	24.5		222	
7/12/2014	27.1	17.8	24.5		222	
7/13/2014	27.1	17.8	24.5		222	
7/14/2014	27.1	17.8	24.5		222	
7/15/2014	28.3	17.6	26.5		311	
7/16/2014	28.3	17.6	26.5		311	
7/17/2014	25.7	20.0	24.1		191	
7/18/2014	27.0	19.9	25.6		156	
7/19/2014	29.4	19.0	26.1		102	
7/20/2014	28.6	19.0	28.0		276	
7/21/2014	28.6	19.0	28.0		276	
7/22/2014	28.6	19.0	28.0		276	
7/23/2014	28.6	19.0	28.0		276	
7/24/2014	28.6	19.0	28.0		276	
7/25/2014	28.6	19.0	28.0		276	
7/26/2014	41.0	19.0	26.1		147	
7/27/2014						
7/28/2014						
7/29/2014						
7/30/2014						
7/31/2014						
8/1/2014						
8/2/2014						
8/3/2014						
8/4/2014						
8/5/2014						
8/6/2014						
8/7/2014						
8/8/2014	30.5	22.0	28.4		258	
8/9/2014	31.1	21.1	27.7		111	
8/10/2014	32.0	21.5	28.7		151	
8/11/2014	33.0	21.9	29.9		187	
