Date	Air Temp Max(ºC)	Air Temp Min(ºC)	Air Temp Avg(ºC)	Rainfall (cm)	WindSp (km/day)	
1/1/2006	28.0	19.0	22.8		267	
1/2/2006	29.0	18.0	21.3		240	
1/3/2006	28.0	17.0	21.2		151	
1/4/2006	25.0	18.0	21.2		151	
1/5/2006	27.0	17.0	20.9		116	
1/6/2006	24.0	17.0	18.7		124	
1/7/2006	26.0	16.0	20.3		164	
1/8/2006	28.0	13.0	20.6		71	
1/9/2006	31.0	15.0	23.1		107	
1/10/2006	28.0	17.0	21.7		102	
1/11/2006	28.0	17.0	21.2		120	
1/12/2006	31.0	15.0	23.7		120	
1/13/2006	30.0	17.0	21.2		120	
1/14/2006	28.0	17.0	19.9		124	
1/15/2006	28.0	17.0	21.3		200	
1/16/2006	27.0	17.0	21.1		187	
1/17/2006	26.0	18.0	20.6		164	
1/18/2006	26.0	18.0	20.3		209	
1/19/2006	25.0	17.0	20.2		133	
1/20/2006	28.0	16.0	21.8		129	
1/21/2006	31.0	16.0	24.0		156	
1/22/2006	31.0	17.0	23.7		124	
1/23/2006	31.0	17.0	23.8		107	
1/24/2006	29.0	19.0	23.5		142	
1/25/2006	25.0	17.0	21.4		187	
1/26/2006	28.0	18.0	21.7		209	
1/27/2006	26.0	18.0	20.4		107	
1/28/2006	26.0	17.0	20.5		89	
1/29/2006	29.0	18.0	21.8		107	
1/30/2006	28.0	15.0	20.2		133	
1/31/2006	27.0	16.0	21.3		160	
2/1/2006	26.0	18.0	20.6		196	
2/2/2006	23.0	18.0	19.6		200	
2/3/2006	23.0	16.0	19.1		62	
2/4/2006	25.0	18.0	20.6		76	
2/5/2006	29.0	18.0	22.6		120	
2/6/2006	28.0	15.0	21.4		129	
2/7/2006	29.0	14.0	22.1		124	
2/8/2006	28.0	14.0	20.8		80	
2/9/2006	30.0	18.0	23.4		93	
2/10/2006	31.0	16.0	23.0		151	
2/11/2006	30.0	17.0	23.6		142	
2/12/2006	28.0	17.0	22.4		107	
2/13/2006	29.0	18.0	22.5		89	
2/14/2006	27.0	16.0	21.5		196	
2/15/2006	27.0	17.0	21.9		169	
2/16/2006	24.0	17.0	18.9		187	
2/17/2006	28.0	17.0	22.1		244	
2/18/2006	27.0	17.0	21.2		156	
2/19/2006	27.0	17.0	19.8		80	
2/20/2006	26.0	16.0	19.7		76	
2/21/2006	25.0	17.0	19.3		107	
2/22/2006	25.0	17.0	19.9		142	
2/23/2006	22.0	18.0	19.2		169	
2/24/2006	22.0	15.0	17.8		129	
2/25/2006	25.0	13.0	18.5		76	
2/26/2006	27.0	15.0	20.9		120	
2/27/2006	26.0	13.0	19.8		102	
2/28/2006	28.0	13.0	21.5		129	
3/1/2006	29.0	14.0	21.1		111	
3/2/2006	29.0	13.0	21.1		93	
3/3/2006	29.0	11.0	21.2		93	
3/4/2006	29.0	15.0	21.3		191	
3/5/2006	24.0	16.0	18.6		347	
3/6/2006	20.0	14.0	17.0		307	
3/7/2006	23.0	14.0	17.6		289	
3/8/2006	25.0	13.0	18.4		187	
3/9/2006	28.0	14.0	20.9		196	
3/10/2006	29.0	15.0	21.9		191	
3/11/2006	29.0	16.0	22.4		187	
3/12/2006	28.0	15.0	20.9		173	
3/13/2006	23.0	15.0	17.8		231	
3/14/2006	25.0	15.0	18.6		138	
3/15/2006	24.0	17.0	19.9		93	
3/16/2006	28.0	17.0	19.7		67	
3/17/2006	27.0	16.0	19.2		124	
3/18/2006	27.0	15.0	19.6		120	
3/19/2006	25.0	15.0	19.2		142	
3/20/2006	25.0	14.0	17.7		84	
3/21/2006	26.0	14.0	18.9		98	
3/22/2006	26.0	16.0	20.1		178	
3/23/2006	24.0	16.0	18.7		169	
3/24/2006	22.0	16.0	18.0		147	
3/25/2006	25.0	15.0	19.8		142	
3/26/2006	27.0	15.0	20.1		142	
3/27/2006	29.0	15.0	20.3		93	
3/28/2006	28.0	13.0	20.2		80	
3/29/2006	27.0	12.0	19.5		102	
3/30/2006	26.0	15.0	19.4		173	
3/31/2006	26.0	15.0	19.9		173	
4/1/2006	25.0	15.0	20.5		213	
4/2/2006	24.0	13.0	18.5		218	
4/3/2006	26.0	13.0	19.2		178	
4/4/2006	26.0	14.0	19.1		222	
4/5/2006	25.0	12.0	18.4		173	
4/6/2006	25.0	13.0	19.2		124	
4/7/2006	26.0	16.0	19.4		98	
4/8/2006	27.0	15.0	20.7		151	
4/9/2006	28.0	13.0	20.1		160	
4/10/2006	28.0	11.0	19.3		129	
4/11/2006	27.0	14.0	19.8		133	
4/12/2006	27.0	17.0	21.2		120	
4/13/2006	24.0	16.0	18.1		169	
4/14/2006	24.0	15.0	18.8		84	
4/15/2006	27.0	17.0	21.3		240	
4/16/2006	22.0	17.0	18.6		107	
4/17/2006	19.0	14.0	16.4		111	
4/18/2006	18.0	13.0	15.1		27	
4/19/2006	25.0	15.0	18.2		182	
4/20/2006	21.0	15.0	18.2		204	
4/21/2006	22.0	11.0	16.8		156	
4/22/2006	22.0	7.0	14.2		93	
4/23/2006	24.0	5.0	14.2		89	
4/24/2006	25.0	9.0	16.1		196	
4/25/2006	26.0	13.0	18.9		204	
4/26/2006	26.0	12.0	18.7		231	
4/27/2006	25.0	12.0	18.2		253	
4/28/2006	25.0	13.0	18.4		213	
4/29/2006	23.0	13.0	16.7		231	
4/30/2006	20.0	12.0	14.5		160	
5/1/2006	25.0	11.0	16.9		120	
5/2/2006	25.0	11.0	17.6		80	
5/3/2006	26.0	7.0	16.8		76	
5/4/2006	26.0	5.0	16.7		71	
5/5/2006	25.0	12.0	16.7		84	
5/6/2006	26.0	8.0	17.6		89	
5/7/2006	27.0	9.0	18.1		107	
5/8/2006	26.0	10.0	18.1		164	
5/9/2006	25.0	9.0	16.9		138	
5/10/2006	24.0	9.0	16.3		160	
5/11/2006	24.0	6.0	14.7		102	
5/12/2006	24.0	6.0	13.7		58	
5/13/2006	24.0	7.0	16.3		80	
5/14/2006	23.0	8.0	15.2		120	
5/15/2006	25.0	8.0	15.7		133	
5/16/2006	25.0	5.0	15.0		71	
5/17/2006	25.0	5.0	15.0		71	
5/18/2006	24.0	6.0	16.9		116	
5/19/2006	23.0	3.0	13.5		133	
5/20/2006	17.0	5.0	11.0		200	
5/21/2006	16.0	3.0	8.1		204	
5/22/2006	18.0	1.0	8.9		253	
5/23/2006	22.0	2.0	10.5		89	
5/24/2006	23.0	1.0	12.2		142	
5/25/2006	23.0	5.0	13.0		169	
5/26/2006	25.0	2.0	14.4		98	
5/27/2006	26.0	3.0	15.1		98	
5/28/2006	26.0	1.0	14.7		89	
5/29/2006	27.0	2.0	16.4		133	
5/30/2006	27.0	11.0	18.1		218	
5/31/2006	25.0	11.0	17.3		213	
6/1/2006	25.0	7.0	15.4		156	
6/2/2006	24.0	6.0	14.4		133	
6/3/2006	23.0	4.0	13.4		209	
6/4/2006	23.0	3.0	13.8		271	
6/5/2006	22.0	8.0	14.5		289	
6/6/2006	22.0	4.0	13.6		293	
6/7/2006	23.0	4.0	14.9		244	
6/8/2006						
6/9/2006						
6/10/2006						
6/11/2006						
6/12/2006						
6/13/2006						
6/14/2006						
6/15/2006						
6/16/2006						
6/17/2006						
6/18/2006						
6/19/2006	21.0	11.0	14.5		156	
6/20/2006	22.0	8.0	14.8		240	
6/21/2006	22.0	4.0	13.8		147	
6/22/2006	24.0	2.0	14.2		67	
6/23/2006	21.0	5.0	13.1		258	
6/24/2006	23.0	4.0	13.3		196	
6/25/2006	22.0	8.0	14.3		191	
6/26/2006	24.0	8.0	14.9		178	
6/27/2006	24.0	7.0	14.3		133	
6/28/2006	24.0	4.0	13.8		102	
6/29/2006	21.0	7.0	12.8		249	
6/30/2006	20.0	4.0	12.1		262	
7/1/2006	22.0	8.0	13.9		178	
7/2/2006	23.0	7.0	14.5		129	
7/3/2006	25.0	8.0	14.8		124	
7/4/2006	26.0	9.0	17.5		133	
7/5/2006	26.0	8.0	15.6		102	
7/6/2006	27.0	4.0	14.1		84	
7/7/2006	25.0	5.0	15.7		147	
7/8/2006	25.0	9.0	16.7		218	
7/9/2006	24.0	8.0	15.5		244	
7/10/2006	22.0	6.0	13.7		209	
7/11/2006	23.0	6.0	14.8		169	
7/12/2006	23.0	5.0	13.1		84	
7/13/2006	24.0	4.0	15.5		142	
7/14/2006	25.0	3.0	14.2		111	
7/15/2006	25.0	5.0	15.1		142	
7/16/2006	25.0	5.0	15.2		138	
7/17/2006	26.0	5.0	16.6		138	
7/18/2006	27.0	4.0	15.6		58	
7/19/2006	26.0	5.0	15.9		102	
7/20/2006	26.0	8.0	16.4		133	
7/21/2006	25.0	5.0	14.9		102	
7/22/2006	25.0	2.0	12.6		93	
7/23/2006	24.0	4.0	13.1		178	
7/24/2006	25.0	2.0	13.0		84	
7/25/2006						
7/26/2006						
7/27/2006						
7/28/2006						
7/29/2006						
7/30/2006						
7/31/2006						
8/1/2006						
8/2/2006						
8/3/2006						
8/4/2006						
8/5/2006						
8/6/2006	26.0	9.0	19.0		164	
8/7/2006	27.0	4.0	16.2		67	
8/8/2006	27.0	3.0	15.4		93	
8/9/2006	27.0	10.0	17.2		200	
8/10/2006	27.0	7.0	16.6		133	
8/11/2006	27.0	6.0	15.8		76	
8/12/2006	27.0	5.0	15.4		71	
8/13/2006	27.0	5.0	16.8		107	
8/14/2006	28.0	5.0	15.6		98	
8/15/2006	24.0	3.0	14.6		236	
8/16/2006	23.0	4.0	13.3		285	
8/17/2006	24.0	8.0	15.0		267	
8/18/2006	26.0	7.0	16.1		138	
8/19/2006	27.0	7.0	17.4		107	
8/20/2006	28.0	9.0	20.2		93	
8/21/2006	27.0	8.0	20.1		187	
8/22/2006	26.0	0	12.9		116	
8/23/2006	26.0	4.0	15.8		156	
8/24/2006	26.0	0	13.7		84	
8/25/2006	27.0	10.0	17.5		151	
8/26/2006	29.0	9.0	18.1		173	
8/27/2006	28.0	8.0	19.3		151	
8/28/2006	28.0	13.0	20.9		196	
8/29/2006	29.0	10.0	19.8		93	
8/30/2006	28.0	14.0	21.1		320	
8/31/2006	27.0	13.0	19.9		285	
9/1/2006	26.0	15.0	19.3		213	
9/2/2006	27.0	15.0	21.3		164	
9/3/2006	28.0	16.0	21.6		222	
9/4/2006	28.0	9.0	20.2		222	
9/5/2006	28.0	14.0	21.4		280	
9/6/2006	28.0	14.0	21.4		280	
9/7/2006	28.0	14.0	21.4		280	
9/8/2006	24.0	14.0	18.6		178	
9/9/2006	26.0	11.0	18.6		236	
9/10/2006	27.0	10.0	18.8		124	
9/11/2006	29.0	15.0	21.6		164	
9/12/2006	30.0	10.0	21.8		116	
9/13/2006	32.0	15.0	22.4		89	
9/14/2006	33.0	18.0	25.1		138	
9/15/2006	32.0	15.0	24.4		138	
9/16/2006	32.0	13.0	22.2		138	
9/17/2006	29.0	9.0	21.4		151	
9/18/2006	27.0	11.0	18.4		253	
9/19/2006	28.0	12.0	20.4		222	
9/20/2006	29.0	14.0	21.3		200	
9/21/2006	30.0	13.0	21.7		231	
9/22/2006	28.0	15.0	22.4		276	
9/23/2006	30.0	16.0	22.4		178	
9/24/2006	32.0	11.0	22.2		111	
9/25/2006	32.0	13.0	23.7		133	
9/26/2006	31.0	17.0	22.6		236	
9/27/2006	29.0	11.0	20.8		120	
9/28/2006	30.0	17.0	22.3		191	
9/29/2006	31.0	14.0	19.5		133	
9/30/2006	29.0	14.0	22.8		178	
10/1/2006						
10/2/2006						
10/3/2006						
10/4/2006						
10/5/2006						
10/6/2006						
10/7/2006						
10/8/2006						
10/9/2006						
10/10/2006						
10/11/2006						
10/12/2006						
10/13/2006						
10/14/2006						
10/15/2006						
10/16/2006						
10/17/2006	28.0	20.0	24.1		111	
10/18/2006	33.0	15.0	24.0		102	
10/19/2006	32.0	18.0	23.9		116	
10/20/2006	29.0	17.0	21.9		169	
10/21/2006	24.0	16.0	19.7		120	
10/22/2006	30.0	15.0	23.2		204	
10/23/2006	31.0	18.0	26.1		240	
10/24/2006	32.0	18.0	23.9		120	
10/25/2006	32.0	18.0	24.2		196	
10/26/2006	32.0	15.0	25.5		156	
10/27/2006	32.0	21.0	27.1		164	
10/28/2006	27.0	17.0	21.2		249	
10/29/2006	26.0	16.0	20.4		124	
10/30/2006	30.0	16.0	22.0		89	
10/31/2006	25.0	17.0	20.6		107	
11/1/2006	28.0	18.0	22.8		133	
11/2/2006	27.0	14.0	21.1		124	
11/3/2006	30.0	10.0	21.4		111	
11/4/2006	32.0	13.0	23.5		107	
11/5/2006	32.0	15.0	24.6		169	
11/6/2006	32.0	17.0	24.8		267	
11/7/2006	30.0	15.0	23.8		156	
11/8/2006	29.0	17.0	22.7		227	
11/9/2006	31.0	16.0	24.4		160	
11/10/2006	32.0	18.0	24.7		89	
11/11/2006	34.0	18.0	27.3		116	
11/12/2006	34.0	16.0	26.6		173	
11/13/2006	33.0	14.0	25.2		151	
11/14/2006	34.0	11.0	24.1		164	
11/15/2006	34.0	11.0	23.7		147	
11/16/2006	35.0	13.0	24.3		169	
11/17/2006	35.0	15.0	25.1		156	
11/18/2006	34.0	15.0	24.8		124	
11/19/2006	30.0	19.0	23.7		116	
11/20/2006	31.0	18.0	21.9		147	
11/21/2006	29.0	17.0	21.5		138	
11/22/2006	26.0	17.0	20.1		80	
11/23/2006	31.0	16.0	24.6		107	
11/24/2006	33.0	17.0	25.9		120	
11/25/2006	33.0	19.0	25.3		173	
11/26/2006	32.0	17.0	24.0		173	
11/27/2006	30.0	17.0	23.9		204	
11/28/2006	30.0	17.0	23.4		244	
11/29/2006	30.0	17.0	23.4		244	
11/30/2006	30.0	17.0	23.4		244	
12/1/2006	30.0	17.0	23.4		244	
12/2/2006	30.0	17.0	23.4		244	
12/3/2006	33.0	21.0	27.7		191	
12/4/2006	34.0	13.0	25.9		129	
12/5/2006	35.0	24.0	30.0		178	
12/6/2006	36.0	19.0	27.3		129	
12/7/2006	33.0	16.0	23.4		129	
12/8/2006	31.0	18.0	23.7		124	
12/9/2006	33.0	17.0	24.9		133	
12/10/2006	34.0	14.0	25.7		133	
12/11/2006	34.0	20.0	27.8		267	
12/4/2007	33.6	19.7	22.2	0.8890	204	
12/5/2007	33.6	19.7	22.2		204	
12/6/2007	33.6	19.7	22.2		204	
12/7/2007	34.1	21.2	24.5	1.7018	204	
12/8/2007	32.9	18.8	24.6	2.5146	262	
12/9/2007	30.9	20.5	23.4	0	116	
12/10/2007	33.2	19.8	26.1		196	
12/11/2007	33.4	20.6	26.8		196	
12/12/2007	33.4	20.6	26.8		196	
12/13/2007	33.4	20.6	26.8		196	
12/14/2007	33.4	20.6	26.8		196	
12/15/2007	33.4	20.6	26.8		196	
12/16/2007	33.4	20.6	26.8		196	
12/17/2007	35.3	20.3	31.3	9.1440	196	
12/18/2007	35.7	20.7	28.6	0	89	
12/19/2007	35.7	19.7	24.3		302	
12/20/2007	30.2	16.7	19.7		320	
12/21/2007	30.2	16.7	19.7		320	
12/22/2007	29.5	17.6	22.5	0.9144	178	
12/23/2007	29.5	17.6	22.5		178	
12/24/2007	29.5	17.6	22.5		178	
12/25/2007	29.3	19.7	23.7		102	
12/26/2007	29.3	19.7	23.7		102	
12/27/2007	29.3	19.7	23.7		102	
12/28/2007	29.3	19.7	23.7		102	
12/29/2007	33.4	20.3	25.4		356	
12/30/2007	30.9	18.6	22.8		311	
12/31/2007	27.6	18.0	22.2		267	
1/1/2008	31.7	19.2	24.7		311	
1/2/2008	31.7	19.2	24.7		311	
1/3/2008	32.3	18.4	24.2	0.2540	311	
1/4/2008	33.0	20.6	24.4		98	
1/5/2008	33.0	18.9	24.8		187	
1/6/2008	31.9	21.3	23.6		124	
1/7/2008	31.2	21.4	24.4		116	
1/8/2008	31.2	21.8	24.5		231	
1/9/2008	31.8	21.1	25.7		240	
1/10/2008	31.8	19.9	22.3		276	
1/11/2008	27.8	19.3	22.3		276	
1/12/2008	29.5	18.4	23.9		293	
1/13/2008	29.5	19.6	22.5		293	
1/14/2008	28.9	19.9	23.3		89	
1/15/2008	28.9	18.8	21.3		89	
1/16/2008	30.6	19.6	25.7		204	
1/17/2008						
1/18/2008						
1/19/2008						
1/20/2008						
1/21/2008						
1/22/2008						
1/23/2008						
1/24/2008						
1/25/2008						
1/26/2008						
1/27/2008						
1/28/2008	24.3	19.7	20.8	1.5494	133	
1/29/2008	26.2	21.3	23.5	0.3556	151	
1/30/2008	26.2	21.3	23.5		151	
1/31/2008	26.2	21.3	23.5		151	
2/1/2008	26.2	21.3	23.5		151	
2/2/2008	28.1	20.3	24.3		276	
6/18/2008	22.0	2.0	14.2		231	
6/19/2008	25.0	1.0	15.7		156	
6/20/2008	24.0	2.0	9.4		44	
6/21/2008	25.0	3.0	14.4		62	
6/22/2008	26.0	6.0	14.5		98	
6/23/2008	26.0	6.0	17.1		156	
6/24/2008	25.0	9.0	15.9		213	
6/25/2008	24.0	7.0	14.9		231	
6/26/2008	23.0	8.0	15.2		244	
6/27/2008	23.0	8.0	15.2		244	
6/28/2008	23.0	9.0	15.0		209	
6/29/2008	23.0	8.0	13.4		200	
6/30/2008	24.0	7.0	13.2		204	
7/1/2008	24.0	5.0	17.3		191	
7/2/2008	24.0	3.0	12.2		93	
7/3/2008						
7/4/2008						
7/5/2008						
7/6/2008						
7/7/2008						
7/8/2008						
7/9/2008						
7/10/2008						
7/11/2008						
7/12/2008						
7/13/2008						
7/14/2008						
7/15/2008	24.0	19.0	22.6		164	
12/13/2008	25.3	18.5	21.5	2.1082		
12/14/2008	26.8	20.2	22.8	2.2098		
12/15/2008	27.0	20.6	22.4	2.0066		
12/16/2008	27.0	20.3	22.6			
12/17/2008	27.9	20.1	23.8			
12/18/2008	27.9	20.5	23.8			
12/19/2008	28.9	20.1	23.8			
12/20/2008	29.1	21.1	24.3	9.6266		
12/21/2008	30.6	20.2	25.5	0		
12/22/2008	31.9	19.9	24.1			
12/23/2008	32.2	21.4	23.3			
12/24/2008	32.2	17.3	21.9	8.2804		
12/25/2008	31.8	17.3	22.9	8.2804		
12/26/2008	31.8	17.3	22.9			
12/27/2008	31.8	17.3	22.9			
12/28/2008	31.5	19.5	25.2			
12/29/2008	34.2	18.2	26.8			
12/30/2008	34.8	16.8	28.3			
12/31/2008	34.8	18.2	23.2			
1/1/2009	34.4	22.2	25.9			
1/2/2009	34.7	18.3	23.6		142	
1/3/2009	34.7	18.3	23.6		142	
1/4/2009	34.7	18.3	23.6		142	
1/5/2009	35.0	21.8	24.8	0.0254	124	
1/6/2009	34.9	20.7	27.1		124	
1/7/2009	34.6	19.9	27.3		124	
1/8/2009	33.3	18.5	22.0	2.7432	178	
1/9/2009	28.1	20.9	23.1	0.0508	178	
1/10/2009	31.4	20.8	25.3	0.3302	178	
1/11/2009	31.4	18.9	24.2	4.4196	84	
1/12/2009	31.9	21.0	23.9	0	84	
1/13/2009	33.8	20.9	25.5		84	
1/14/2009	34.5	22.3	26.4		84	
1/15/2009	34.0	21.4	23.6	0.3302	84	
6/29/2009	25.6	6.7	15.2	0	133	
6/30/2009	25.6	6.7	15.2		133	
7/1/2009	25.6	6.7	15.2		133	
7/2/2009	22.9	4.9	13.1		147	
7/3/2009	22.9	4.9	13.1		147	
7/4/2009	22.9	5.0	13.7		200	
7/15/2010	25.0	23.0	24.0		107	
7/16/2010	25.0	11.0	18.2		187	
7/17/2010	24.0	6.0	15.3		271	
7/18/2010	25.0	4.0	16.3		169	
7/19/2010	25.0	10.0	17.7		200	
7/20/2010	25.0	11.0	19.7		204	
7/21/2010	23.0	10.0	19.6		236	
7/22/2010	24.0	9.0	18.1		120	
7/23/2010	24.0	7.0	18.3		84	
7/24/2010	26.0	7.0	18.9		98	
7/25/2010	27.0	15.0	21.6		84	
7/26/2010	27.0	15.0	21.5		191	
7/27/2010	25.0	16.0	19.3		200	
7/28/2010	23.0	11.0	17.3		267	
7/29/2010	25.0	11.0	18.9		182	
7/30/2010	26.0	11.0	19.6		209	
7/31/2010	27.0	13.0	18.7		200	
8/1/2010	26.0	11.0	18.6		173	
8/2/2010	25.0	13.0	19.3		262	
8/3/2010	25.0	10.0	17.4		240	
8/4/2010	27.0	10.0	18.2		169	
8/5/2010	29.0	13.0	20.1		133	
8/6/2010	31.0	14.0	22.9		156	
8/7/2010	30.0	15.0	21.7		213	
8/8/2010	31.0	11.0	21.9		133	
8/9/2010	28.0	14.0	22.4		262	
8/10/2010	25.0	7.0	16.6		280	
8/11/2010	26.0	0	16.3		240	
8/12/2010	24.0	11.0	19.0		320	
8/13/2010	24.0	9.0	15.5		271	
8/14/2010	25.0	10.0	17.8		285	
8/15/2010	28.0	7.0	19.2		213	
8/16/2010	29.0	11.0	19.1		156	
8/17/2010	29.0	6.0	18.4		111	
8/18/2010	30.0	13.0	21.3		156	
8/19/2010	30.0	7.0	20.4		67	
8/20/2010	31.0	7.0	19.4		71	
8/21/2010	31.0	7.0	22.4		147	
8/22/2010	30.0	8.0	21.9		142	
8/23/2010	31.0	13.0	23.9		142	
8/24/2010	31.0	13.0	22.8		133	
8/25/2010	31.0	12.0	23.9		129	
8/26/2010	31.0	12.0	23.9		129	
8/27/2010	31.0	15.0	24.0		120	
8/28/2010	31.0	14.0	24.9		116	
8/29/2010	31.0	16.0	24.4		253	
8/30/2010	31.0	14.0	22.1		164	
8/31/2010	31.0	10.0	22.1		111	
9/1/2010	31.0	17.0	23.7		182	
9/2/2010	32.0	10.0	21.7		93	
9/3/2010	32.0	11.0	22.9		116	
9/4/2010	33.0	18.0	26.0		191	
9/5/2010	34.0	20.0	28.6		209	
9/6/2010	34.0	14.0	29.1		178	
9/7/2010	34.0	14.0	29.1		178	
9/8/2010	33.0	16.0	24.2		191	
9/9/2010	16.0	12.0	13.8		62	
9/10/2010	31.0	19.0	25.4		218	
9/11/2010	32.0	17.0	25.1		280	
9/12/2010	31.0	18.0	24.5		324	
9/13/2010	30.0	16.0	23.1		240	
9/14/2010	32.0	18.0	25.1		151	
9/15/2010	33.0	15.0	24.7		98	
9/16/2010	34.0	13.0	25.2		116	
9/17/2010	35.0	17.0	26.3		142	
9/18/2010	34.0	17.0	25.7		129	
9/19/2010	32.0	12.0	22.1		129	
9/20/2010	28.0	6.0	17.4		164	
9/21/2010	28.0	1.0	16.5		120	
9/22/2010	32.0	12.0	23.4		151	
9/23/2010	34.0	11.0	25.1		151	
9/24/2010	34.0	13.0	25.5		200	
9/25/2010	35.0	14.0	25.3		124	
9/26/2010	35.0	15.0	24.3		138	
9/27/2010	31.0	18.0	23.7		276	
9/28/2010	33.0	17.0	25.2		222	
9/29/2010	33.0	20.0	26.6		236	
9/30/2010	33.0	20.0	26.3		280	
10/1/2010	34.0	18.0	27.8		218	
10/2/2010	34.0	20.0	28.3		160	
10/3/2010	34.0	20.0	28.3		160	
10/4/2010	37.0	26.0	32.6		209	
10/5/2010	36.0	22.0	29.5		258	
10/6/2010	37.0	18.0	29.3		169	
10/7/2010	37.0	17.0	29.2		129	
10/8/2010	37.0	16.0	27.8		107	
10/9/2010	37.0	17.0	28.4		142	
10/10/2010	36.0	17.0	26.6		200	
10/11/2010	35.0	20.0	26.6		191	
10/12/2010	36.0	19.0	27.6		178	
10/13/2010	33.0	16.0	24.3		182	
10/14/2010	32.0	13.0	22.8		182	
10/15/2010	33.0	9.0	21.6		138	
10/16/2010	34.0	15.0	24.3		204	
10/17/2010	35.0	12.0	25.7		156	
10/18/2010	36.0	14.0	26.6		142	
10/19/2010	36.0	18.0	28.3		169	
10/20/2010	35.0	18.0	27.7		120	
10/21/2010	35.0	18.0	27.3		231	
10/22/2010	31.0	19.0	25.3		253	
10/23/2010	32.0	15.0	23.6		151	
10/24/2010	32.0	11.0	22.7		142	
10/25/2010	33.0	12.0	22.6		120	
10/26/2010	35.0	14.0	25.6		151	
10/27/2010	35.0	19.0	26.3		147	
10/28/2010	36.0	17.0	28.8		138	
10/29/2010	38.0	22.0	32.1		160	
10/30/2010	37.0	18.0	26.7		142	
10/31/2010	35.0	26.0	30.6		116	
11/1/2010	37.0	27.0	32.3		218	
11/2/2010	35.0	15.0	29.9		240	
11/3/2010	34.0	14.0	26.4		196	
11/4/2010	32.0	15.0	23.0		160	
11/5/2010	32.0	15.0	23.0		160	
11/6/2010	34.0	18.0	26.8		191	
11/7/2010	34.0	18.0	26.8		191	
11/8/2010	34.0	18.0	26.8		191	
11/9/2010	34.0	18.0	26.8		191	
11/10/2010	34.0	18.0	26.8		191	
11/11/2010	34.0	18.0	26.8		191	
11/12/2010	34.0	18.0	26.8		191	
11/13/2010	34.0	18.0	26.8		191	
11/14/2010	34.0	18.0	26.8		191	
11/15/2010	25.0	21.0	22.5		191	
11/16/2010						
11/17/2010						
11/18/2010						
11/19/2010						
11/20/2010						
11/21/2010						
11/22/2010						
11/23/2010						
11/24/2010						
11/25/2010						
11/26/2010						
11/27/2010						
11/28/2010						
11/29/2010						
11/30/2010						
12/1/2010						
12/2/2010						
12/3/2010						
12/4/2010						
12/5/2010						
12/6/2010						
12/7/2010						
12/8/2010						
12/9/2010						
12/10/2010						
12/11/2010						
12/12/2010						
12/13/2010						
12/14/2010	26.0	19.0	22.6		111	
12/15/2010	30.0	16.0	23.3		173	
12/16/2010	32.0	9.0	18.9		182	
12/17/2010	31.0	11.0	23.7		187	
12/18/2010	33.0	14.0	25.2		142	
12/19/2010	35.0	15.0	26.7		138	
12/20/2010	37.0	15.0	27.6		111	
12/21/2010	37.0	15.0	27.3		133	
12/22/2010	36.0	13.0	26.6		129	
12/23/2010	37.0	23.0	31.7		213	
12/24/2010	34.0	19.0	26.2		124	
12/25/2010	36.0	15.0	27.4		138	
12/26/2010	35.0	16.0	27.3		196	
12/27/2010	34.0	21.0	27.9		182	
12/28/2010	35.0	18.0	26.5		218	
12/29/2010	29.0	18.0	22.6		218	
12/30/2010	30.0	18.0	22.5		227	
12/31/2010	25.0	18.0	20.8		133	
1/1/2011	30.0	19.0	23.0		111	
1/2/2011	26.0	18.0	21.1		124	
1/3/2011	25.0	18.0	20.9		156	
1/4/2011	31.0	19.0	23.8		196	
1/5/2011	28.0	18.0	20.8		187	
1/6/2011	29.0	19.0	24.8		142	
1/7/2011	28.0	19.0	22.1		133	
1/8/2011	28.0	19.0	22.1		133	
1/9/2011	28.0	19.0	22.1		133	
1/10/2011	28.0	19.0	22.1		133	
1/11/2011	25.0	23.0	23.8		124	
1/12/2011	31.0	18.0	24.7		173	
1/13/2011	30.0	18.0	24.0		178	
1/14/2011	28.0	18.0	22.9		124	
1/15/2011	30.0	18.0	21.6		102	
1/16/2011	30.0	17.0	22.0		107	
1/17/2011	28.0	18.0	22.4		151	
1/18/2011	25.0	19.0	20.7		102	
1/19/2011	23.0	18.0	20.1		138	
1/20/2011	25.0	18.0	20.0		142	
1/21/2011	24.0	17.0	19.3		147	
1/22/2011	24.0	16.0	19.1		169	
1/23/2011	26.0	17.0	21.2		138	
1/24/2011	28.0	16.0	22.2		138	
1/25/2011	27.0	19.0	21.5		133	
1/26/2011	26.0	18.0	21.6		111	
1/27/2011	25.0	18.0	20.3		89	
1/28/2011	28.0	18.0	20.6		129	
1/29/2011	26.0	18.0	20.6		93	
1/30/2011	29.0	18.0	21.9		129	
1/31/2011	30.0	16.0	22.6		129	
2/1/2011	29.0	17.0	22.9		164	
2/2/2011	29.0	17.0	22.9		169	
2/3/2011	27.0	17.0	20.8		169	
2/4/2011	20.0	17.0	17.9		133	
2/5/2011	24.0	20.0	21.6		262	
2/6/2011	25.0	19.0	21.3		191	
2/7/2011	27.0	17.0	21.8		102	
2/8/2011	27.0	17.0	21.7		124	
2/9/2011	29.0	16.0	22.2		151	
2/10/2011	29.0	17.0	21.6		164	
2/11/2011	30.0	18.0	23.8		151	
2/12/2011	29.0	17.0	23.6		182	
2/13/2011	29.0	17.0	25.3		249	
2/14/2011	29.0	17.0	25.7		222	
2/15/2011	30.0	19.0	27.2		240	
2/16/2011	31.0	20.0	28.2		178	
2/17/2011	31.0	18.0	24.7		164	
2/18/2011	30.0	17.0	21.5		124	
2/19/2011	29.0	16.0	20.3		58	
2/20/2011	29.0	17.0	21.4		120	
2/21/2011	30.0	17.0	22.3		120	
2/22/2011	26.0	17.0	20.3		120	
2/23/2011	29.0	16.0	22.1		138	
2/24/2011	30.0	17.0	22.1		173	
2/25/2011	27.0	17.0	20.4		133	
2/26/2011	26.0	17.0	20.3		120	
2/27/2011	26.0	15.0	20.0		169	
2/28/2011	28.0	17.0	21.7		204	
3/1/2011	29.0	14.0	21.5		196	
3/2/2011	30.0	14.0	21.6		151	
3/3/2011	27.0	16.0	21.4		107	
3/4/2011	29.0	17.0	21.1		138	
3/5/2011	26.0	16.0	19.9		116	
3/6/2011	27.0	17.0	20.2		107	
3/7/2011	28.0	16.0	21.8		107	
3/8/2011	30.0	16.0	22.2		107	
3/9/2011	28.0	15.0	21.3		156	
3/10/2011	30.0	17.0	22.2		191	
3/11/2011	29.0	17.0	20.3		169	
3/12/2011	30.0	18.0	22.8		164	
3/13/2011	31.0	17.0	21.4		111	
3/14/2011	31.0	15.0	22.1		129	
3/15/2011	31.0	18.0	22.7		178	
3/16/2011	25.0	18.0	20.3		178	
3/17/2011	28.0	18.0	21.1		156	
3/18/2011	30.0	17.0	22.9		187	
3/19/2011	31.0	17.0	23.9		156	
3/20/2011	31.0	17.0	22.5		120	
3/21/2011	31.0	16.0	20.6		111	
3/22/2011	29.0	17.0	21.9		120	
3/23/2011	28.0	17.0	20.9		111	
3/24/2011	28.0	17.0	19.8		71	
3/25/2011	25.0	16.0	19.3		76	
3/26/2011	29.0	17.0	20.1		138	
3/27/2011	24.0	16.0	19.6		173	
3/28/2011	27.0	18.0	20.3		200	
3/29/2011	27.0	17.0	20.6		164	
3/30/2011	30.0	16.0	22.8		133	
3/31/2011	31.0	17.0	23.4		120	
4/1/2011	29.0	16.0	21.6		93	
4/2/2011	31.0	16.0	21.7		102	
4/3/2011	30.0	17.0	20.6		116	
4/4/2011	29.0	17.0	20.4		147	
4/5/2011	29.0	16.0	21.6		120	
4/6/2011	29.0	16.0	21.6		120	
4/7/2011	23.0	16.0	17.9		129	
4/8/2011	23.0	16.0	17.9		129	
4/9/2011	23.0	16.0	17.9		129	
4/10/2011	23.0	16.0	17.9		129	
4/11/2011	23.0	16.0	17.9		129	
4/12/2011	28.0	18.0	22.7		120	
4/13/2011	29.0	14.0	20.8		89	
4/14/2011	29.0	14.0	20.7		102	
4/15/2011	28.0	16.0	20.8		120	
4/16/2011	27.0	15.0	19.7		133	
4/17/2011	28.0	14.0	19.8		209	
4/18/2011	22.0	14.0	17.1		196	
4/19/2011	26.0	13.0	18.9		151	
4/20/2011	25.0	14.0	18.4		191	
4/21/2011	26.0	13.0	18.9		213	
4/22/2011	27.0	14.0	19.7		182	
4/23/2011	27.0	14.0	19.7		156	
4/24/2011	29.0	14.0	20.1		111	
4/25/2011	27.0	15.0	19.9		160	
4/26/2011	28.0	14.0	18.7		129	
4/27/2011	27.0	13.0	19.7		89	
4/28/2011	29.0	15.0	20.9		169	
4/29/2011	27.0	14.0	20.5		142	
4/30/2011	27.0	14.0	20.5		142	
5/1/2011	27.0	14.0	20.5		142	
5/2/2011	27.0	14.0	20.5		142	
5/3/2011	27.0	16.0	22.0		147	
5/4/2011	27.0	15.0	20.1		178	
5/5/2011	27.0	12.0	18.5		142	
5/6/2011	26.0	12.0	17.7		164	
5/7/2011	27.0	10.0	17.7		116	
5/8/2011	27.0	10.0	18.3		107	
5/9/2011	27.0	17.0	22.4		151	
5/10/2011	27.0	12.0	20.6		142	
5/11/2011	26.0	14.0	19.1		124	
5/12/2011	27.0	12.0	17.9		138	
5/13/2011	27.0	9.0	17.9		129	
5/14/2011	25.0	6.0	14.3		133	
5/15/2011	23.0	10.0	14.0		62	
5/16/2011	26.0	6.0	15.7		138	
5/17/2011	26.0	10.0	16.8		151	
5/18/2011	24.0	9.0	15.8		142	
5/19/2011	25.0	9.0	16.5		147	
5/20/2011	25.0	11.0	17.7		182	
5/21/2011	13.0	11.0	12.3		129	
5/22/2011	23.0	10.0	14.4		98	
5/23/2011	26.0	8.0	16.2		89	
5/24/2011	26.0	7.0	16.6		116	
5/25/2011	25.0	5.0	14.2		102	
5/26/2011	22.0	7.0	12.6		204	
5/27/2011	9.0	7.0	7.8		178	
5/28/2011	24.0	5.0	16.5		142	
5/29/2011	25.0	2.0	13.6		124	
5/30/2011	26.0	1.0	12.7		98	
5/31/2011	26.0	0	13.0		138	
6/1/2011	25.0	7.0	14.4		231	
6/2/2011	24.0	6.0	14.7		187	
6/3/2011	25.0	9.0	20.6		178	
6/4/2011	27.0	8.0	18.7		138	
6/5/2011	26.0	7.0	15.6		133	
6/6/2011	25.0	6.0	14.6		124	
6/7/2011	16.0	2.0	9.8		209	
6/8/2011	19.0	-1.0	9.4		111	
6/9/2011	24.0	-2.0	9.6		84	
6/10/2011	26.0	1.0	12.4		93	
6/11/2011	26.0	3.0	13.3		156	
6/12/2011	26.0	3.0	14.4		133	
6/13/2011	27.0	6.0	16.4		204	
6/14/2011	27.0	9.0	19.3		182	
6/15/2011	26.0	5.0	14.8		98	
6/16/2011	26.0	5.0	15.7		98	
6/17/2011	28.0	7.0	17.5		156	
6/18/2011	27.0	9.0	17.6		178	
6/19/2011	28.0	6.0	16.9		124	
6/20/2011	26.0	10.0	19.1		147	
6/21/2011	27.0	9.0	20.0		138	
6/22/2011	26.0	6.0	15.6		98	
6/23/2011	25.0	5.0	14.5		124	
6/24/2011	25.0	2.0	14.1		147	
6/25/2011	22.0	5.0	11.2		249	
6/26/2011	24.0	5.0	15.7		173	
6/27/2011	24.0	0	8.2		116	
6/28/2011	24.0	0	11.1		107	
6/29/2011	24.0	2.0	13.3		133	
6/30/2011	25.0	2.0	10.7		89	
7/1/2011	10.0	6.0	8.3		53	
7/2/2011	26.0	2.0	13.7		129	
7/3/2011	6.0	2.0	3.3		44	
7/4/2011	27.0	6.0	18.8		173	
7/5/2011	28.0	3.0	14.7		178	
7/6/2011	22.0	6.0	13.3		276	
7/7/2011	25.0	8.0	15.0		200	
7/8/2011	22.0	8.0	12.8		253	
7/9/2011	24.0	13.0	19.4		218	
7/10/2011						
7/11/2011						
7/12/2011						
7/13/2011						
7/14/2011						
7/15/2011						
7/16/2011						
7/17/2011						
7/18/2011						
7/19/2011						
7/20/2011						
7/21/2011						
7/22/2011						
7/23/2011						
7/24/2011						
7/25/2011	22.0	20.0	21.0		164	
7/26/2011	24.0	7.0	13.0		133	
7/27/2011	24.0	7.0	13.0		133	
7/28/2011	23.0	14.0	19.5		156	
7/29/2011	23.0	14.0	19.5		156	
7/30/2011	22.0	9.0	12.8		178	
7/31/2011	16.0	10.0	11.7		373	
8/1/2011	25.0	4.0	16.2		160	
8/2/2011	27.0	8.0	18.3		156	
8/3/2011	21.0	9.0	14.1		142	
8/4/2011	27.0	7.0	14.6		116	
8/5/2011	27.0	6.0	16.2		111	
8/6/2011	26.0	10.0	16.6		222	
8/7/2011	26.0	13.0	15.5		276	
8/8/2011	26.0	13.0	15.5		276	
8/9/2011	28.0	14.0	19.8		98	
8/10/2011	28.0	7.0	14.2		84	
8/11/2011	29.0	10.0	16.4		89	
8/12/2011	27.0	8.0	14.1		76	
8/13/2011	27.0	8.0	14.1		76	
8/14/2011	27.0	8.0	14.1		76	
8/15/2011	27.0	8.0	14.1		76	
8/16/2011	27.0	8.0	14.1		76	
8/17/2011	27.0	8.0	14.1		76	
8/18/2011	27.0	12.0	19.9		147	
8/19/2011	27.0	8.0	15.1		98	
8/20/2011	26.0	7.0	13.2		67	
8/21/2011	26.0	5.0	12.2		102	
8/22/2011	27.0	5.0	14.8		280	
8/23/2011	5.0	3.0	3.8		160	
8/24/2011						
8/25/2011						
8/26/2011						
8/27/2011						
8/28/2011						
8/29/2011						
8/30/2011						
8/31/2011						
9/1/2011						
9/2/2011						
9/3/2011						
9/4/2011						
9/5/2011						
9/6/2011						
9/7/2011	32.0	17.0	25.7		169	
9/8/2011	32.0	16.0	23.5		169	
9/9/2011	32.0	10.0	22.8		147	
9/10/2011	32.0	9.0	21.6		129	
9/11/2011	33.0	9.0	21.8		124	
9/12/2011	18.0	9.0	13.8		84	
9/13/2011	30.0	12.0	22.6		156	
9/14/2011	32.0	10.0	21.4		164	
9/15/2011	33.0	11.0	22.6		138	
9/16/2011	32.0	18.0	24.6		244	
9/17/2011	32.0	15.0	23.0		204	
9/18/2011	32.0	16.0	24.9		169	
9/19/2011	34.0	16.0	25.6		160	
9/20/2011	34.0	14.0	24.3		169	
9/21/2011	34.0	14.0	24.3		182	
9/22/2011	34.0	14.0	24.3		182	
9/23/2011	34.0	14.0	24.3		182	
9/24/2011	34.0	14.0	24.3		182	
9/25/2011	34.0	14.0	24.3		182	
9/26/2011	34.0	14.0	24.3		182	
9/27/2011	34.0	14.0	24.3		182	
9/28/2011	29.0	20.0	23.6		124	
9/29/2011	32.0	14.0	23.0		147	
9/30/2011	32.0	16.0	24.8		156	
10/1/2011	25.0	14.0	17.7		107	
10/2/2011	25.0	14.0	17.7		107	
10/3/2011	29.0	20.0	25.7		200	
10/4/2011	29.0	20.0	25.7		200	
10/5/2011	32.0	24.0	29.2		156	
10/6/2011	32.0	24.0	29.2		156	
10/7/2011	30.0	20.0	25.5		285	
10/8/2011	31.0	17.0	24.3		262	
10/9/2011	31.0	17.0	23.4		258	
10/10/2011	31.0	15.0	23.0		236	
10/11/2011	32.0	17.0	24.1		244	
10/12/2011	32.0	17.0	24.1		244	
10/13/2011	32.0	17.0	24.1		244	
10/14/2011	32.0	17.0	24.1		244	
10/15/2011	32.0	17.0	24.1		244	
10/16/2011	32.0	17.0	24.1		244	
10/17/2011	35.0	20.0	28.3		227	
10/18/2011	32.0	12.0	22.6		204	
10/19/2011	28.0	11.0	20.2		204	
10/20/2011	31.0	11.0	20.7		209	
10/21/2011	35.0	10.0	24.1		173	
10/22/2011	36.0	13.0	26.9		120	
10/23/2011	38.0	20.0	29.8		178	
10/24/2011	37.0	21.0	27.4		196	
10/25/2011	35.0	14.0	24.3		151	
10/26/2011	31.0	15.0	24.0		147	
10/27/2011	25.0	16.0	19.8		93	
10/28/2011	30.0	19.0	24.9		129	
10/29/2011	27.0	16.0	20.4		89	
10/30/2011	27.0	14.0	21.3		107	
10/31/2011	31.0	14.0	23.2		133	
11/1/2011	34.0	14.0	25.0		147	
11/2/2011	35.0	19.0	25.7		209	
11/3/2011	36.0	19.0	27.4		142	
11/4/2011	30.0	16.0	22.2		182	
11/5/2011	32.0	11.0	22.1		173	
11/6/2011	34.0	10.0	23.6		178	
11/7/2011	36.0	12.0	25.4		129	
11/8/2011	36.0	14.0	26.5		156	
11/9/2011	35.0	15.0	26.5		107	
11/10/2011	34.0	20.0	26.9		129	
11/11/2011	35.0	18.0	26.3		129	
11/12/2011	36.0	21.0	28.2		191	
11/13/2011	33.0	18.0	23.1		151	
11/14/2011	35.0	13.0	25.3		169	
11/15/2011	36.0	12.0	25.3		151	
11/16/2011	34.0	13.0	24.4		173	
11/17/2011	33.0	18.0	24.7		191	
11/18/2011	27.0	18.0	21.6		178	
11/19/2011	31.0	18.0	25.3		147	
11/20/2011	29.0	19.0	21.0		102	
11/21/2011	30.0	16.0	23.6		93	
11/22/2011	33.0	18.0	24.2		142	
11/23/2011	32.0	13.0	22.7		133	
11/24/2011	31.0	14.0	23.9		200	
11/25/2011	32.0	18.0	24.6		209	
11/26/2011	32.0	17.0	24.4		129	
11/27/2011	32.0	17.0	23.6		124	
11/28/2011	31.0	19.0	23.5		191	
11/29/2011	29.0	16.0	23.4		138	
11/30/2011	31.0	18.0	23.2		129	
12/1/2011	30.0	17.0	22.7		120	
12/2/2011	33.0	19.0	24.7		107	
12/3/2011	33.0	18.0	25.1		133	
12/4/2011	29.0	17.0	20.8		151	
12/5/2011	25.0	17.0	19.9		93	
12/6/2011	24.0	17.0	20.1		98	
12/7/2011	29.0	18.0	22.2		107	
12/8/2011	29.0	18.0	21.1		133	
12/9/2011	31.0	15.0	23.1		124	
12/10/2011	27.0	13.0	17.4		80	
