Date	Air Temp Max(ºC)	Air Temp Min(ºC)	Air Temp Avg(ºC)	Rainfall (cm)	WindSp (km/day)	
1/1/2012	33.0	15.0	22.2		360	
1/2/2012	29.0	15.0	20.3		329	
1/3/2012	32.0	16.0	22.3		333	
1/4/2012	32.0	16.0	20.8		324	
1/5/2012						
1/6/2012						
1/7/2012						
1/8/2012						
1/9/2012						
1/10/2012						
1/11/2012						
1/12/2012						
1/13/2012						
1/14/2012						
1/15/2012						
1/16/2012						
1/17/2012						
1/18/2012	23.0	20.0	21.2		320	
1/19/2012	23.0	20.0	21.2		320	
1/20/2012	23.0	20.0	21.2		320	
1/21/2012	23.0	20.0	21.2		320	
1/22/2012	23.0	20.0	21.2		320	
1/23/2012	23.0	20.0	21.2		320	
1/24/2012	32.0	20.0	27.0		431	
1/25/2012						
1/26/2012						
1/27/2012						
1/28/2012						
1/29/2012						
1/30/2012						
1/31/2012						
2/1/2012						
2/2/2012						
2/3/2012						
2/4/2012						
2/5/2012						
2/6/2012						
2/7/2012						
2/8/2012						
2/9/2012						
2/10/2012						
2/11/2012						
2/12/2012						
2/13/2012						
2/14/2012						
2/15/2012						
2/16/2012						
2/17/2012						
2/18/2012						
2/19/2012						
2/20/2012	32.0	19.0	22.5		258	
2/21/2012	32.0	19.0	22.5		258	
2/22/2012	32.0	19.0	22.5		258	
2/23/2012	25.0	20.0	22.1		147	
2/24/2012	25.0	20.0	22.1		147	
2/25/2012	25.0	20.0	22.1		147	
2/26/2012	25.0	20.0	22.1		147	
2/27/2012	39.0	23.0	30.8		320	
2/28/2012	30.0	20.0	22.9		120	
2/29/2012	30.0	20.0	22.9		120	
3/1/2012	30.0	20.0	22.9		120	
3/2/2012	34.1	16.0	31.1		338	
3/3/2012	34.5	17.0	26.8		369	
3/4/2012	34.5	16.7	24.8		276	
3/5/2012	35.0	16.7	29.5		316	
3/6/2012	37.0	17.0	29.6		302	
3/7/2012	37.0	14.6	24.7		320	
3/8/2012	37.0	14.4	24.9		316	
3/9/2012	36.1	14.4	28.1		244	
3/10/2012	40.0	23.2	33.6		360	
3/11/2012	41.0	19.2	33.2		271	
3/12/2012	42.5	18.9	30.0		311	
3/13/2012	42.5	18.9	28.9		280	
3/14/2012	36.7	16.2	21.6		302	
3/15/2012	34.6	15.8	20.9		147	
3/16/2012	34.6	15.8	20.9		147	
3/17/2012	34.1	14.0	26.6		262	
3/18/2012	36.2	14.0	29.1		267	
3/19/2012	40.5	21.1	33.3		382	
3/20/2012	42.1	23.7	35.6		356	
3/21/2012	42.3	23.7	35.6		333	
3/22/2012	42.1	24.9	36.4		280	
3/23/2012	42.1	24.0	34.3		347	
3/24/2012	41.1	24.0	32.1		436	
3/25/2012	41.3	17.6	26.5		218	
3/26/2012	34.9	17.9	25.4	0.6096	360	
3/27/2012	34.9	16.4	18.5	0.3048	302	
3/28/2012	30.0	14.4	22.8	0	213	
3/29/2012	31.0	14.4	22.1		164	
3/30/2012	31.0	15.3	23.1		365	
3/31/2012	33.0	14.0	24.9		244	
4/1/2012	37.0	14.4	25.9		231	
4/2/2012	39.0	16.0	29.5		302	
4/3/2012	39.5	20.2	30.2		338	
4/4/2012	40.8	21.4	29.8		302	
4/5/2012	40.8	21.7	28.7		293	
4/6/2012	38.5	20.9	27.1		236	
4/7/2012	37.7	17.0	22.8		258	
4/8/2012	35.7	12.6	22.6		204	
4/9/2012	35.5	12.6	23.8		173	
4/10/2012	40.0	13.3	29.9		382	
4/11/2012	40.4	15.1	30.3		307	
4/12/2012	40.4	15.1	30.3		307	
4/13/2012	40.4	15.1	30.3		307	
4/14/2012	40.4	15.1	30.3		307	
4/15/2012	40.4	15.1	30.3		307	
4/16/2012	40.4	15.1	30.3		307	
4/17/2012	40.4	15.1	30.3		307	
4/18/2012	40.4	15.1	30.3		307	
4/19/2012	40.4	15.1	30.3		307	
4/20/2012	40.4	15.1	30.3		307	
4/21/2012	19.0	16.0	17.5		142	
4/22/2012	14.5	11.0	12.9		138	
4/23/2012	14.5	11.0	12.9		138	
4/24/2012	14.5	11.0	12.9		138	
4/25/2012	14.5	11.0	12.9		138	
4/26/2012	14.5	11.0	12.9		138	
4/27/2012	14.5	11.0	12.9		138	
4/28/2012	14.5	11.0	12.9		138	
4/29/2012	14.5	11.0	12.9		138	
4/30/2012	37.2	17.9	21.8		178	
5/1/2012	27.8	14.2	20.3		142	
5/2/2012	37.3	14.2	21.2		169	
5/3/2012	34.6	15.0	19.3		200	
5/4/2012	34.6	13.6	18.9		213	
5/5/2012	28.0	13.6	20.1		187	
5/6/2012	41.0	15.1	27.9		311	
5/7/2012	42.1	19.0	29.8		289	
5/8/2012	42.1	21.7	30.0		316	
5/9/2012	41.0	20.5	29.2		311	
5/10/2012	41.0	20.5	29.2		311	
5/11/2012	39.6	20.4	29.2		311	
5/12/2012	39.6	18.1	29.2		311	
5/13/2012	39.6	18.1	29.2		311	
5/14/2012	35.2	15.7	29.2		311	
5/15/2012	35.2	15.7	29.2		311	
5/16/2012	38.1	16.6	29.2		311	
5/17/2012	38.5	16.6	29.2		311	
5/18/2012	38.5	16.6				
5/19/2012	36.8	12.8				
5/20/2012	31.6	10.8				
5/21/2012	31.6	10.8				
5/22/2012	34.7	12.5				
5/23/2012	34.7	14.0				
5/24/2012	33.7	11.0				
5/25/2012	30.6	10.3				
5/26/2012	30.6	10.3				
5/27/2012	30.6	10.3				
5/28/2012	30.6	10.3				
5/29/2012	30.6	10.3				
5/30/2012	30.6	10.3				
5/31/2012	30.6	10.3				
6/1/2012	37.5	19.2	26.8		347	
6/2/2012	37.5	19.2	26.7		516	
6/3/2012	35.5	17.8	25.2		333	
6/4/2012	34.2	17.7	25.5		498	
6/5/2012	34.2	16.0	22.9		320	
6/6/2012	32.9	13.2	21.8		262	
6/7/2012	31.1	9.4	18.5		200	
6/8/2012	22.0	5.0	13.1		240	
6/9/2012	22.0	5.0	13.1		240	
6/10/2012	22.0	5.0	13.1		240	
6/11/2012	33.0	9.6	23.9		400	
6/12/2012	33.0	9.6	23.9		400	
6/13/2012	33.0	9.6	23.9		400	
6/14/2012	33.0	9.6	23.9		400	
6/15/2012	33.0	9.6	23.9		400	
6/16/2012	33.0	9.6	23.9		400	
6/17/2012	24.0	7.1	13.4		240	
6/18/2012	26.0	6.9	15.4		218	
6/19/2012	26.3	6.9	11.9		258	
6/20/2012	26.3	7.0	12.3		156	
6/21/2012	21.0	7.0	12.9		164	
6/22/2012	19.3	7.1	10.0		124	
6/23/2012						
6/24/2012						
6/25/2012						
6/26/2012						
6/27/2012						
6/28/2012						
6/29/2012						
6/30/2012						
7/1/2012						
7/2/2012						
7/3/2012						
7/4/2012						
7/5/2012						
7/6/2012						
7/7/2012						
7/8/2012						
7/9/2012						
7/10/2012	33.4	12.0	25.9		244	
7/11/2012	34.7	11.5	21.1		213	
7/12/2012	34.7	11.5	20.8		182	
7/13/2012	24.1	6.9	14.1		249	
7/14/2012	24.6	3.0	14.7		409	
7/15/2012	28.0	14.8	20.1		725	
7/16/2012	29.8	7.2	19.2		582	
7/17/2012	32.6	14.5	22.2		400	
7/18/2012	33.2	14.5	23.6		338	
7/19/2012	33.6	10.9	19.1		218	
7/20/2012	26.0	6.9	16.0		173	
7/21/2012	28.6	4.9	13.8		218	
7/22/2012	27.0	4.9	16.0		253	
7/23/2012	29.0	5.8	17.6		240	
7/24/2012	33.4	6.0	20.4		191	
7/25/2012	36.1	18.0	25.7		351	
7/26/2012	37.4	9.8	26.4		404	
7/27/2012	37.4	16.0	25.0		427	
7/28/2012	36.8	15.0	23.7		351	
7/29/2012	28.0	7.4	16.6		222	
7/30/2012	24.0	7.4	15.7		222	
7/31/2012	27.8	7.4	13.6		200	
8/1/2012	27.0	6.6	15.7		200	
8/2/2012	27.5	6.6	12.8		276	
8/3/2012	27.5	7.1	16.6		156	
8/4/2012	24.0	9.7	14.8		138	
8/5/2012	26.4	8.0	14.0		209	
8/6/2012	27.2	3.5	14.6		271	
8/7/2012	28.0	3.5	17.0		458	
8/8/2012	30.0	4.3	19.8		369	
8/9/2012	30.0	7.5	17.4		249	
8/10/2012	30.0	7.3	15.1		236	
8/11/2012	29.3	7.3	14.9		244	
8/12/2012	33.0	7.8	20.6		396	
8/13/2012	23.7	7.8	16.2		445	
8/14/2012	15.0	8.3	12.6		404	
8/15/2012	24.0	2.9	13.4	0.1270	293	
8/16/2012	27.2	2.9	16.7	0.1778	351	
8/17/2012	30.7	7.7	19.7	0	258	
8/18/2012	30.9	7.2	16.0		191	
8/19/2012	21.0	7.2	13.8		227	
8/20/2012	27.4	8.0	15.9		236	
8/21/2012	25.0	8.2	15.2		191	
8/22/2012	26.0	8.8	15.9		187	
8/23/2012	31.0	7.0	18.5		147	
8/24/2012	30.7	7.3	14.3		227	
8/25/2012	30.7	8.0	14.7		342	
8/26/2012	32.5	5.4	18.0		204	
8/27/2012	27.0	5.4	14.8		240	
8/28/2012						
8/29/2012						
8/30/2012						
8/31/2012						
9/1/2012						
9/2/2012						
9/3/2012						
9/4/2012						
9/5/2012						
9/6/2012						
9/7/2012						
9/8/2012						
9/9/2012						
9/10/2012						
9/11/2012						
9/12/2012						
9/13/2012						
9/14/2012						
9/15/2012						
9/16/2012						
9/17/2012						
9/18/2012						
9/19/2012	13.0	7.6	11.4		258	
9/20/2012	29.2	7.6	16.4		227	
9/21/2012	29.2	9.1	16.8		276	
9/22/2012	27.9	7.0	16.6		240	
9/23/2012	31.0	7.2	20.0		236	
9/24/2012	41.0	8.8	24.6		267	
9/25/2012	26.0	9.0	16.6		320	
9/26/2012	25.9	9.0	15.5		271	
9/27/2012	27.0	10.4	14.9		333	
9/28/2012	27.1	7.0	15.0		276	
9/29/2012	34.0	7.3	21.3		329	
9/30/2012	40.6	16.0	27.9		227	
10/1/2012	32.6	12.0	21.8		169	
10/2/2012	40.7	12.1	25.4		187	
10/3/2012	40.1	13.1	27.2		302	
10/4/2012	40.1	14.0	26.5		369	
10/5/2012	38.5	12.8	22.8		311	
10/6/2012	31.0	12.5	20.3		302	
10/7/2012	33.4	11.0	17.5		320	
10/8/2012	31.9	11.0	17.9		262	
10/9/2012	32.0	10.6	19.8		191	
10/10/2012	32.0	10.6	19.4		191	
10/11/2012	32.0	10.6	19.4		191	
10/12/2012	33.0	9.7	20.9		253	
10/13/2012	24.2	8.0	15.7		427	
10/14/2012	33.1	8.1	18.4		307	
10/15/2012	28.6	9.7	19.7		236	
10/16/2012	31.0	10.0	19.6		285	
10/17/2012	30.9	10.0	17.9		249	
10/18/2012	30.9	10.3	16.1		258	
10/19/2012	29.6	11.0	19.5		382	
10/20/2012	32.0	8.7	20.7		338	
10/21/2012	34.1	8.7	21.3		222	
10/22/2012	35.0	10.1	23.1		249	
10/23/2012	35.7	11.4	22.4		231	
10/24/2012	29.0	7.8	17.4		276	
10/25/2012	33.2	7.8	19.9		267	
10/26/2012	29.4	9.5	18.2		218	
10/27/2012	31.0	11.6	19.6		378	
10/28/2012	35.6	11.6	22.8		200	
10/29/2012	37.0	11.6	23.9		231	
10/30/2012	37.2	11.5	21.3		253	
10/31/2012	33.8	10.9	19.8		373	
11/1/2012	28.6	13.0	18.7		396	
11/2/2012	28.6	12.4	18.8		307	
11/3/2012	31.4	12.4	21.1		258	
11/4/2012	31.8	12.9	21.9		267	
11/5/2012	34.0	12.9	22.6		276	
11/6/2012	34.0	13.2	22.9		276	
11/7/2012	34.0	11.9	21.3		302	
11/8/2012	33.2	11.9	19.8		258	
11/9/2012	33.2	12.7	19.5		289	
11/10/2012	31.3	12.7	18.5		329	
11/11/2012	34.0	12.7	20.6		227	
11/12/2012	37.0	13.5	25.4		320	
11/13/2012	37.7	12.9	26.2		236	
11/14/2012	37.9	11.4	21.4		289	
11/15/2012	31.1	11.4	21.1		249	
11/16/2012	32.4	11.8	22.3		267	
11/17/2012	40.0	12.5	26.9		293	
11/18/2012	40.8	14.5	25.0		280	
11/19/2012	30.0	15.8	22.2		285	
11/20/2012	34.8	16.1	22.9		236	
11/21/2012	34.0	17.0	26.8		218	
11/22/2012	37.0	18.0	27.4		302	
11/23/2012	37.7	14.0	22.7		333	
11/24/2012	31.8	14.0	20.2		258	
11/25/2012	37.0	12.6	24.4		262	
11/26/2012	43.0	16.0	30.1		449	
11/27/2012	43.0	15.0	27.3		289	
11/28/2012	43.0	15.2	29.1		280	
11/29/2012	34.0	14.7	23.4		351	
11/30/2012	30.2	14.7	20.0		387	
12/1/2012	34.6	14.4	21.1		347	
12/2/2012	31.3	12.7	21.2		213	
12/3/2012	31.4	12.0	22.3		244	
12/4/2012	32.5	11.2	20.6		244	
12/5/2012	32.5	11.2	19.7		302	
12/6/2012	32.0	12.4	23.8		293	
12/7/2012	33.4	12.4	20.7		249	
12/8/2012	34.5	12.9	23.3		289	
12/9/2012	35.1	14.0	23.4		293	
12/10/2012	35.1	14.1	20.9		378	
12/11/2012	33.5	12.1	18.9		342	
12/12/2012	31.8	12.1	18.2		511	
12/13/2012	31.8	12.1	18.2		511	
12/14/2012	34.0	14.0	23.2		240	
12/15/2012	33.9	14.1	20.5		280	
12/16/2012	33.9	14.0	21.9		227	
12/17/2012	32.4	14.3	21.2		249	
12/18/2012	34.1	15.0	24.9		293	
12/19/2012	34.8	15.8	25.3		298	
12/20/2012	35.0	16.6	22.4		418	
12/21/2012	35.0	16.6	19.7		147	
12/22/2012						
12/23/2012						
12/24/2012						
12/25/2012						
12/26/2012						
12/27/2012						
12/28/2012						
12/29/2012						
12/30/2012						
12/31/2012						
1/1/2013						
1/2/2013						
1/3/2013						
1/4/2013						
1/5/2013						
1/6/2013						
1/7/2013						
1/8/2013	33.3	16.1	24.2		400	
1/9/2013	33.5	16.1	21.4		520	
1/10/2013	33.5	16.0	20.3		413	
1/11/2013	32.1	13.6	19.7		302	
1/12/2013	31.0	12.6	21.2		302	
1/13/2013	31.6	12.6	23.0		289	
1/14/2013	31.6	12.6	23.0		289	
1/15/2013	31.6	12.6	23.0		289	
1/16/2013	31.6	12.6	23.0		289	
1/17/2013	31.6	12.6	23.0		289	
1/18/2013	31.6	12.6	23.0		289	
1/19/2013	31.6	12.6	23.0		289	
1/20/2013	31.6	12.6	23.0		289	
1/21/2013	31.6	12.6	23.0		289	
1/22/2013	31.6	12.6	23.0		289	
1/23/2013	31.6	12.6	23.0		289	
1/24/2013	39.0	17.1	33.3		400	
1/25/2013	39.0	17.1	29.8		360	
1/26/2013	39.2	19.0	26.7		356	
1/27/2013	39.2	17.3	23.6		413	
1/28/2013	37.1	17.0	22.2		458	
1/29/2013	35.0	17.1	24.2		302	
1/30/2013	35.0	17.4	24.2		320	
1/31/2013	35.0	17.0	24.1		329	
2/1/2013	34.9	16.0	21.3		360	
2/2/2013	34.9	16.3	22.1		307	
2/3/2013	31.1	16.8	20.9		436	
2/4/2013	30.2	17.0	20.3		418	
2/5/2013	32.0	16.5	22.9		342	
2/6/2013	33.3	15.4	23.0		267	
2/7/2013	33.6	15.4	23.2		285	
2/8/2013	33.6	14.9	19.7		293	
2/9/2013	33.6	14.9	19.7		293	
2/10/2013	33.6	14.9	19.7		293	
2/11/2013	33.6	14.9	19.7		293	
2/12/2013	33.6	14.9	19.7		293	
2/13/2013	34.2	14.8	24.7		285	
2/14/2013	34.2	14.8	24.1		253	
2/15/2013	33.9	16.0	24.6		285	
2/16/2013	34.6	18.0	25.6		302	
2/17/2013	38.0	17.8	27.3		240	
2/18/2013	38.6	17.8	22.4		391	
2/19/2013	38.6	16.8	22.2		333	
2/20/2013	31.9	15.8	22.6		262	
2/21/2013	33.1	15.0	23.0		271	
2/22/2013	33.4	15.0	23.1		240	
2/23/2013	37.0	15.3	26.2		253	
2/24/2013	45.5	16.7	30.7		240	
2/25/2013	46.4	17.9	31.3		253	
2/26/2013	40.0	19.9	28.3		267	
2/27/2013	43.3	17.0	28.5		298	
2/28/2013	34.0	16.5	24.2		262	
3/1/2013	33.0	14.4	22.9		240	
3/2/2013	39.0	13.0	25.3		276	
3/3/2013	39.5	13.0	25.0		244	
3/4/2013	41.0	14.5	29.1		285	
3/5/2013	41.9	18.0	30.1		253	
3/6/2013	42.2	18.8	28.5		258	
3/7/2013	32.0	14.6	23.4		249	
3/8/2013	38.7	12.5	22.4		231	
3/9/2013	34.0	12.5	23.6		253	
3/10/2013	34.9	13.9	23.6		253	
3/11/2013	38.0	15.4	28.0		218	
3/12/2013	41.2	17.0	33.4		271	
3/13/2013	43.7	22.7	35.6		453	
3/14/2013	45.5	25.0	32.1		329	
3/15/2013	45.5	21.0	29.5		293	
3/16/2013	39.8	15.3	24.9		253	
3/17/2013	38.9	12.9	26.2		222	
3/18/2013	37.6	12.9	25.7		236	
3/19/2013	40.0	13.6	25.9		240	
3/20/2013	40.4	13.3	24.0		271	
3/21/2013	40.4	13.3	24.3		262	
3/22/2013	36.2	14.5	27.3		262	
3/23/2013	37.4	14.8	25.0		285	
3/24/2013	37.4	14.8	24.3		262	
3/25/2013	36.1	14.0	21.0		244	
3/26/2013	33.1	13.7	22.2		231	
3/27/2013	33.4	13.7	22.1		218	
3/28/2013	35.1	13.8	25.6		218	
3/29/2013	36.8	14.5	25.2		187	
3/30/2013	21.0	18.6	19.9		347	
3/31/2013	20.0	14.0	17.4		267	
4/1/2013	27.0	12.8	19.4		209	
4/2/2013	31.0	12.8	23.5		182	
4/3/2013	36.3	14.3	27.1		329	
4/4/2013	40.0	16.6	30.4		436	
4/5/2013	41.0	19.3	31.7		342	
4/6/2013	42.1	21.2	29.6		267	
4/7/2013	42.1	19.2	26.5		222	
4/8/2013	39.2	15.6	23.9		209	
4/9/2013	36.4	13.0	21.1		200	
4/10/2013	32.2	12.4	21.3		204	
4/11/2013	34.2	12.4	23.8		182	
4/12/2013	35.1	14.8	24.3		169	
4/13/2013	36.0	14.8	27.4		187	
4/14/2013	39.0	16.6	28.8		218	
4/15/2013	41.0	18.9	30.3		231	
4/16/2013	41.7	20.2	27.3		200	
4/17/2013	29.3	15.9	21.9		276	
4/18/2013	27.0	14.0	20.0		302	
4/19/2013	29.6	10.6	17.7		196	
4/20/2013	34.0	10.6	22.9		293	
4/21/2013	39.0	12.4	26.0		240	
4/22/2013	39.7	15.2	28.6		236	
4/23/2013	41.0	17.6	29.9		356	
4/24/2013	41.6	21.1	30.9		404	
4/25/2013	42.2	19.9	30.2		280	
4/26/2013	42.4	19.5	30.2		338	
4/27/2013	42.4	19.5	28.5		307	
4/28/2013	41.0	20.1	28.5		253	
4/29/2013	40.7	18.3	28.7		293	
4/30/2013	40.0	20.8	32.9		342	
5/1/2013	40.2	19.9	30.1		378	
5/2/2013	40.2	19.9	29.0		307	
5/3/2013	39.9	17.9	26.9		307	
5/4/2013	38.9	17.9	28.4		760	
5/5/2013	37.3	18.9	29.1		547	
5/6/2013	38.2	22.0	28.9		489	
5/7/2013	38.2	20.5	27.7		484	
5/8/2013	38.2	20.5	27.7		484	
5/9/2013	38.2	20.5	27.7		484	
5/10/2013	38.2	20.5	27.7		484	
5/11/2013	38.2	20.5	27.7		484	
5/12/2013	38.2	20.5	27.7		484	
5/13/2013	38.2	20.5	27.7		484	
5/14/2013	22.1	14.0	17.6		200	
5/15/2013	26.0	9.5	17.1		169	
5/16/2013	32.2	9.5	16.6		204	
5/17/2013	32.0	8.6	19.7		196	
5/18/2013	38.0	19.0	26.8		244	
5/19/2013	38.2	10.5	24.1		200	
5/20/2013	38.2	16.0	25.6		324	
5/21/2013	27.0	11.8	17.6		218	
5/22/2013	26.4	11.8	18.2		204	
5/23/2013	31.0	11.6	21.2		147	
5/24/2013	37.0	11.6	26.7		258	
5/25/2013	37.0	12.7	24.9		182	
5/26/2013	37.0	17.4	24.7		240	
5/27/2013	36.3	13.8	22.2		209	
5/28/2013	33.7	13.8	21.9		262	
5/29/2013	34.2	14.4	23.3		218	
5/30/2013	34.3	14.3	22.5		267	
5/31/2013	34.3	12.0	19.0		187	
6/1/2013	23.0	10.5	15.6		227	
6/2/2013	27.2	7.6	14.7		289	
6/3/2013	26.0	7.6	15.4		244	
6/4/2013	9.8	7.0	8.1		169	
6/5/2013	9.8	7.0	8.1		169	
6/6/2013	37.0	11.7	26.4		391	
6/7/2013	28.0	9.6	16.3		204	
6/8/2013	28.0	9.6	18.6		173	
6/9/2013	36.0	9.9	24.7		493	
6/10/2013	36.1	10.1	26.5		684	
6/11/2013	36.6	16.0	24.0		329	
6/12/2013	26.0	12.2	19.4		213	
6/13/2013	25.8	8.5	18.9		187	
6/14/2013	28.0	8.5	18.2		204	
6/15/2013	35.0	8.9	23.7		298	
6/16/2013	36.0	20.0	26.4		396	
6/17/2013	35.7	18.0	26.1		542	
6/18/2013	35.0	17.0	24.9		484	
6/19/2013	35.0	14.3	23.1		204	
6/20/2013	33.7	14.3	23.1		280	
6/21/2013	32.6	14.5	23.6		276	
6/22/2013	34.0	15.5	23.7		222	
6/23/2013	34.3	15.5	23.8		293	
6/24/2013	34.3	12.6	20.3		200	
6/25/2013	32.9	7.5	16.4		191	
6/26/2013	28.9	6.4	15.1		151	
6/27/2013	26.1	6.4	16.3		182	
6/28/2013	30.0	7.3	19.4		213	
6/29/2013	32.0	8.8	20.2		236	
6/30/2013	31.8	6.5	16.0		151	
7/1/2013	31.8	6.5	16.1		164	
7/2/2013	26.8	6.0	12.5		156	
7/3/2013	26.8	6.1	11.6		276	
7/4/2013	20.6	7.0	12.3		316	
7/5/2013	19.3	6.9	13.0		182	
7/6/2013	25.0	5.8	14.6		178	
7/7/2013	28.0	5.8	17.3		240	
7/8/2013	31.0	6.2	20.2		249	
7/9/2013	34.0	9.7	23.9		244	
7/10/2013	34.6	11.3	25.5		333	
7/11/2013	34.7	16.6	24.5		302	
7/12/2013	34.7	16.6	25.4		427	
7/13/2013	34.5	15.1	23.8		298	
7/14/2013	23.0	8.5	15.3		236	
7/15/2013	24.0	8.5	16.1		200	
7/16/2013	25.4	7.3	15.9		182	
7/17/2013	25.7	6.3	14.8		191	
7/18/2013	25.7	4.2	14.7		258	
7/19/2013	26.2	4.2	15.2		209	
7/20/2013	32.1	4.8	20.1		382	
7/21/2013	32.5	17.0	23.8		636	
7/22/2013	33.1	10.0	23.9		436	
7/23/2013	23.0	7.8	14.8		200	
7/24/2013	26.0	5.7	15.7		191	
7/25/2013	36.0	11.0	24.9		347	
7/26/2013	36.8	18.0	26.4		480	
7/27/2013	21.0	10.8	15.3		276	
7/28/2013	27.0	7.9	16.9		173	
7/29/2013	33.0	7.9	23.3		662	
7/30/2013	35.0	18.0	25.1		627	
7/31/2013	36.0	17.0	26.4		498	
8/1/2013	35.4	15.0	26.5		351	
8/2/2013	35.0	19.8	26.7		280	
8/3/2013	34.0	18.0	25.4		316	
8/4/2013	35.0	16.8	25.0		347	
8/5/2013	34.0	15.0	23.7		236	
8/6/2013	28.0	10.6	18.2		218	
8/7/2013	27.9	6.0	15.2		213	
8/8/2013	23.0	6.8	14.4		178	
8/9/2013	30.4	8.0	18.9		271	
8/10/2013	25.4	8.0	15.6		236	
8/11/2013	31.0	8.0	14.7		289	
8/12/2013	26.2	6.0	15.8		209	
8/13/2013	24.0	6.0	15.3		236	
8/14/2013	24.0	7.0	14.9		227	
8/15/2013	26.0	7.5	15.5		262	
8/16/2013	31.0	9.0	20.6		267	
8/17/2013	29.0	9.0	18.4		222	
8/18/2013	32.0	9.0	19.9		213	
8/19/2013	35.0	11.0	21.6		213	
8/20/2013	33.0	7.0	19.2		182	
8/21/2013	27.0	6.8	16.5		249	
8/22/2013	29.0	6.8	18.9		182	
8/23/2013	23.0	7.0	14.3		218	
8/24/2013	26.0	4.5	16.1		187	
8/25/2013	27.2	8.0	17.3		209	
8/26/2013	31.0	5.7	18.5		200	
8/27/2013	32.0	7.6	19.1		187	
8/28/2013	28.2	7.0	16.8		236	
8/29/2013	28.7	8.0	14.2		293	
8/30/2013	20.0	6.9	12.9		404	
8/31/2013	22.4	4.0	12.9		178	
9/1/2013	28.1	5.0	16.7		213	
9/2/2013	29.0	8.0	18.5		236	
9/3/2013	30.0	6.0	17.2		213	
9/4/2013	36.0	9.0	22.7		293	
9/5/2013	41.0	17.0	30.6		391	
9/6/2013	38.0	13.0	24.4		307	
9/7/2013	27.0	12.4	18.9		285	
9/8/2013	27.0	14.0	19.8		253	
9/9/2013	27.6	12.0	18.7		173	
9/10/2013	30.0	12.0	19.9		222	
9/11/2013	28.2	12.0	18.7		298	
9/12/2013	29.9	10.9	15.3		365	
9/13/2013	22.0	9.0	15.1		213	
9/14/2013	28.0	6.0	15.8		204	
9/15/2013	29.0	6.3	17.9		285	
9/16/2013	33.0	9.0	20.7		227	
9/17/2013	33.0	9.0	21.6		276	
9/18/2013	29.2	9.9	17.9		222	
9/19/2013	23.0	11.0	15.4		360	
9/20/2013	20.0	10.0	14.7		338	
9/21/2013	29.0	7.0	18.9		440	
9/22/2013	37.0	17.0	25.9		413	
9/23/2013	31.0	12.0	22.5		249	
9/24/2013	31.7	13.0	16.6		320	
9/25/2013	31.7	12.5	17.2		316	
9/26/2013	26.0	12.5	21.8	0.8890	356	
9/27/2013	26.0	12.5	21.8		356	
9/28/2013	26.0	12.5	21.8		356	
9/29/2013	26.0	12.5	21.8		356	
9/30/2013	32.0	11.4	20.5		293	
10/1/2013	36.0	11.0	25.6		209	
10/2/2013	38.0	12.3	25.7		262	
10/3/2013	39.0	19.0	29.1		276	
10/4/2013	37.0	15.4	25.8		218	
10/5/2013	32.0	11.0	21.9		298	
10/6/2013	34.0	11.6	23.9		209	
10/7/2013	39.0	13.1	27.0		302	
10/8/2013	30.0	12.0	18.6		382	
10/9/2013	30.9	13.6	20.6		262	
10/10/2013	39.0	14.6	25.6		253	
10/11/2013	39.6	14.1	24.3		280	
10/12/2013	35.6	12.0	22.1		413	
10/13/2013	34.0	12.0	21.4		244	
10/14/2013	31.0	11.0	20.1		213	
10/15/2013	31.1	10.6	18.9		307	
10/16/2013	38.3	14.5	27.6		365	
10/17/2013	40.0	17.0	29.7		404	
10/18/2013	40.9	13.3	27.6		436	
10/19/2013	36.0	12.0	20.3		333	
10/20/2013	27.0	14.0	19.4		329	
10/21/2013	31.0	11.0	19.9		320	
10/22/2013	32.0	10.0	22.9		289	
10/23/2013	30.0	9.0	18.7		342	
10/24/2013	27.0	12.0	18.6		293	
10/25/2013	29.0	10.8	19.1		231	
10/26/2013	31.0	11.0	19.4		236	
10/27/2013	32.0	11.6	20.8		244	
10/28/2013	35.0	11.7	21.7		271	
10/29/2013	35.2	12.7	20.3		285	
10/30/2013	29.7	11.8	17.6		316	
10/31/2013	14.0	12.0	13.3		231	
11/1/2013	30.0	9.0	20.1		222	
11/2/2013	38.4	9.6	24.8		289	
11/3/2013	41.0	12.3	28.7		267	
11/4/2013	39.0	11.3	22.7		249	
11/5/2013	29.2	11.3	18.9		267	
11/6/2013	30.4	12.0	19.4		236	
11/7/2013	34.0	12.0	22.9		173	
11/8/2013	34.6	12.0	23.3		200	
11/9/2013	35.1	11.0	24.1		213	
11/10/2013	36.2	11.8	23.8		227	
11/11/2013	36.2	12.0	19.6		236	
11/12/2013	36.2	12.0	19.6		236	
11/13/2013	33.0	12.0	21.7		307	
11/14/2013	33.3	12.3	21.7		329	
11/15/2013	33.3	13.0	20.4		360	
11/16/2013	32.9	11.4	21.7		307	
11/17/2013	31.0	11.4	21.7		258	
11/18/2013	31.7	12.4	19.4		320	
11/19/2013	31.7	13.0	18.9		240	
11/20/2013	31.0	12.0	21.1		271	
11/21/2013	31.5	11.4	19.3		262	
11/22/2013	32.0	11.4	20.2		236	
11/23/2013	36.0	12.0	24.6		227	
11/24/2013	36.6	12.8	25.9		311	
11/25/2013	37.2	15.3	22.3		347	
11/26/2013	37.2	15.3	25.1		280	
11/27/2013	40.0	16.6	27.6		342	
11/28/2013	40.5	16.5	24.3		285	
11/29/2013	33.0	13.9	22.8		324	
11/30/2013	37.8	12.5	22.2		249	
12/1/2013	35.0	12.5	24.1		293	
12/2/2013	35.0	13.2	29.1		316	
12/3/2013	36.1	18.0	27.6		258	
12/4/2013	36.6	14.4	23.3		267	
12/5/2013	36.6	13.0	22.3		285	
12/6/2013	34.7	13.1	20.6		382	
12/7/2013	34.7	14.0	24.2		271	
12/8/2013	33.8	22.0	25.9	0.1016	240	
12/9/2013	33.8	19.0	24.7	0	276	
12/10/2013	33.8	19.0	24.7		276	
12/11/2013	33.8	19.0	24.7		276	
12/12/2013	33.8	19.0	24.7		276	
12/13/2013	33.8	19.0	24.7		276	
12/14/2013	33.8	19.0	24.7		276	
12/15/2013	33.8	19.0	24.7		276	
12/16/2013	33.8	19.0	24.7		276	
12/17/2013	33.8	19.0	24.7		276	
12/18/2013	33.8	19.0	24.7		276	
12/19/2013	33.8	19.0	24.7		276	
12/20/2013	33.3	15.0	30.5		373	
12/21/2013	33.3	15.0	28.0		280	
12/22/2013	38.0	16.9	29.0		249	
12/23/2013	38.0	16.9	29.0		249	
12/24/2013	38.0	16.9	29.0		249	
12/25/2013	38.0	16.9	29.0		249	
12/26/2013	38.0	16.9	29.0		249	
12/27/2013	38.0	16.9	29.0		249	
12/28/2013	33.9	15.2	22.6		262	
12/29/2013	34.6	15.0	23.6		338	
12/30/2013	34.6	14.7	20.4		449	
12/31/2013	34.1	14.7	21.4		422	
1/1/2014	33.0	15.2	22.9		293	
1/2/2014	33.8	16.0	24.7		342	
1/3/2014	33.9	16.9	22.1		449	
1/4/2014	33.9	16.9	22.1		449	
1/5/2014	29.8	16.0	21.2		422	
1/6/2014	26.0	13.0	18.9		280	
1/7/2014	26.0	12.3	19.1		267	
1/8/2014	28.0	12.3	21.2		285	
1/9/2014	30.0	14.0	22.3		258	
1/10/2014	33.0	14.0	24.2		231	
1/11/2014	34.0	14.9	23.8		320	
1/12/2014	34.3	15.4	18.7		280	
1/13/2014	36.9	15.0	24.6		285	
1/14/2014	37.9	15.4	21.6		320	
1/15/2014	37.9	15.4	24.0		280	
1/16/2014	37.0	17.0	24.8		324	
1/17/2014	37.0	17.0	24.6		342	
1/18/2014	36.7	17.3	28.1		213	
1/19/2014	36.7	19.0	26.8		289	
1/20/2014	35.4	15.6	24.8		276	
1/21/2014	35.6	15.3	28.7		258	
1/22/2014	35.6	15.3	25.1		316	
1/23/2014	35.5	16.2	24.4		311	
1/24/2014	36.0	16.0	25.9		311	
1/25/2014	36.0	16.5	26.3		316	
1/26/2014	36.5	16.0	23.9		382	
1/27/2014	36.5	15.9	21.8		493	
1/28/2014	34.5	15.9	21.7		422	
1/29/2014	31.0	16.8	20.9		218	
1/30/2014	32.0	17.0	23.1		240	
1/31/2014	33.2	17.8	22.8		387	
2/1/2014	33.2	17.8	21.8		324	
2/2/2014	31.8	18.4	21.9		373	
2/3/2014	32.1	18.0	22.3		329	
2/4/2014	33.3	18.0	21.2		391	
2/5/2014	33.3	17.6	21.7		236	
2/6/2014	33.3	17.6	21.7		236	
2/7/2014	31.8	17.0	22.1		360	
2/8/2014	35.0	15.0	22.3		276	
2/9/2014	35.4	15.3	21.2		404	
2/10/2014	35.4	16.1	20.9		378	
2/11/2014	32.0	16.7	23.1		347	
2/12/2014	31.6	17.6	23.4		289	
2/13/2014	33.0	19.1	26.5		200	
2/14/2014	37.0	18.0	28.7		293	
2/15/2014	39.1	18.9	28.4		182	
2/16/2014	39.8	20.6	30.2		342	
2/17/2014	39.8	20.0	27.3		311	
2/18/2014	38.1	19.0	27.5		307	
2/19/2014	37.3	19.0	23.7		320	
2/20/2014	37.3	17.8	24.3		329	
2/21/2014	33.7	15.2	22.7		271	
2/22/2014	33.1	12.6	20.9		209	
2/23/2014	35.0	12.6	25.1		236	
2/24/2014	37.0	13.7	27.6		271	
2/25/2014	39.0	19.7	29.8		258	
2/26/2014	39.7	19.0	24.7		249	
2/27/2014	39.7	19.3	25.0		285	
2/28/2014	35.7	20.0	24.4		307	
3/1/2014	33.0	19.0	22.3		222	
3/2/2014	32.7	15.6	20.7		240	
3/3/2014	32.7	14.5	21.9		204	
3/4/2014	32.9	14.5	21.2		253	
3/5/2014	34.0	13.0	22.3		222	
3/6/2014	34.3	13.3	22.8		267	
3/7/2014	34.3	14.1	25.5		262	
3/8/2014	34.7	15.3	23.3		276	
3/9/2014	34.7	14.3	21.3		280	
3/10/2014	33.5	13.8	19.5		293	
3/11/2014	32.1	13.6	19.7		236	
3/12/2014	31.0	12.9	19.8		236	
3/13/2014	31.3	11.0	18.1		222	
3/14/2014	33.0	11.0	22.6		227	
3/15/2014	33.6	11.6	26.2		209	
3/16/2014	38.1	17.8	30.1		240	
3/17/2014	38.5	21.4	32.5		262	
3/18/2014	40.0	25.0	32.4		276	
3/19/2014	39.7	20.0	29.3		231	
3/20/2014	39.0	16.6	26.5		222	
3/21/2014	39.0	16.0	27.3		227	
3/22/2014	39.9	16.6	28.5		262	
3/23/2014	39.9	18.4	23.4		218	
3/24/2014	39.1	18.5	23.2		378	
3/25/2014	29.3	14.8	20.3		316	
3/26/2014	34.0	12.0	22.7		187	
3/27/2014	40.0	12.4	28.6		311	
3/28/2014	41.0	15.1	30.8		311	
3/29/2014	41.0	19.0	27.3		249	
3/30/2014	39.3	18.0	24.7		156	
3/31/2014	36.2	16.0	22.5		209	
4/1/2014	36.2	11.6	19.9		213	
4/2/2014	32.4	11.0	17.7		116	
4/3/2014	32.4	13.6	26.2		231	
4/4/2014	36.0	13.6	26.3		196	
4/5/2014	39.0	15.6	29.3		280	
4/6/2014	39.7	18.5	29.7		311	
4/7/2014	40.0	18.7	30.8		311	
4/8/2014	40.2	22.2	31.7		404	
4/9/2014	40.2	23.5	31.2		356	
4/10/2014	40.9	23.5	30.8		489	
4/11/2014	40.9	24.0	30.6		538	
4/12/2014	37.5	23.0	28.3		476	
4/13/2014	37.0	20.9	27.7		360	
4/14/2014	36.0	20.2	27.2		222	
4/15/2014	37.3	20.0	27.8		222	
4/16/2014	38.1	20.0	28.9		280	
4/17/2014	38.1	20.6	28.6		231	
4/18/2014	40.3	20.0	30.6		271	
4/19/2014	40.8	20.1	32.6		369	
4/20/2014	40.8	23.2	31.2		338	
4/21/2014	40.0	22.0	28.2		258	
4/22/2014	31.0	16.0	22.1		182	
4/23/2014	36.2	12.0	21.3		227	
