Date	Air Temp Max(ºC)	Air Temp Min(ºC)	Air Temp Avg(ºC)	WindSp (km/day)	
1/1/2009	28.0	18.0	26.4	667	
1/2/2009	29.0	13.0	24.8	342	
1/3/2009	32.0	21.0	29.1	436	
1/4/2009	33.0	22.0	28.7	538	
1/5/2009	34.0	15.0	28.7	391	
1/6/2009	33.0	20.0	29.8	307	
1/7/2009	32.0	16.0	26.2	204	
1/8/2009	33.0	29.0	31.0	231	
1/9/2009	33.0	24.0	30.0	440	
1/10/2009	32.0	20.0	27.7	280	
1/11/2009	32.0	18.0	26.9	253	
1/12/2009	32.0	16.0	27.4	289	
1/13/2009	34.0	21.0	29.1	382	
1/14/2009	33.0	18.0	28.0	396	
1/15/2009	33.0	24.0	31.0	258	
1/16/2009	31.0	19.0	24.4	191	
1/17/2009	28.0	19.0	23.8	431	
1/18/2009	30.0	20.0	25.8	409	
1/19/2009	30.0	23.0	27.3	462	
1/20/2009	30.0	18.0	26.3	209	
1/21/2009	30.0	19.0	27.0	285	
1/22/2009	26.0	19.0	23.5	138	
1/23/2009	25.0	17.0	20.1	262	
1/24/2009	28.0	21.0	25.2	178	
1/25/2009	28.0	20.0	24.5	156	
1/26/2009	26.0	17.0	21.3	187	
1/27/2009	28.0	15.0	21.0	244	
1/28/2009	28.0	17.0	23.8	462	
1/29/2009	28.0	25.0	26.2	244	
1/30/2009	30.0	20.0	25.8	418	
1/31/2009	31.0	17.0	26.6	329	
2/1/2009	29.0	20.0	26.2	227	
2/2/2009	26.0	21.0	22.3	89	
2/3/2009	23.0	18.0	19.8	218	
2/4/2009	27.0	20.0	24.1	382	
2/5/2009	27.0	17.0	23.7	378	
2/6/2009	25.0	18.0	22.4	484	
2/7/2009	27.0	18.0	22.6	480	
2/8/2009	27.0	16.0	22.4	253	
2/9/2009	27.0	18.0	21.3	280	
2/10/2009	26.0	17.0	20.6	227	
2/11/2009	26.0	17.0	21.5	329	
2/12/2009	24.0	16.0	20.2	311	
2/13/2009	23.0	16.0	19.3	249	
2/14/2009	23.0	16.0	19.3	249	
2/15/2009	23.0	16.0	19.3	249	
2/16/2009	23.0	16.0	19.3	249	
2/17/2009	26.0	18.0	22.9	333	
2/18/2009	25.0	16.0	20.7	164	
2/19/2009	26.0	19.0	22.9	244	
2/20/2009	25.0	17.0	20.9	289	
2/21/2009	24.0	17.0	20.2	236	
2/22/2009	21.0	18.0	19.4	222	
2/23/2009	23.0	16.0	18.9	293	
2/24/2009	25.0	18.0	21.6	329	
2/25/2009	24.0	17.0	21.3	218	
2/26/2009	27.0	17.0	23.7	316	
2/27/2009	26.0	17.0	22.3	200	
2/28/2009	22.0	16.0	19.8	133	
3/1/2009	28.0	18.0	24.4	267	
3/2/2009	27.0	19.0	23.8	302	
3/3/2009	23.0	16.0	18.9	267	
3/4/2009	24.0	16.0	20.7	302	
3/5/2009	24.0	17.0	21.0	373	
3/6/2009	24.0	18.0	21.8	476	
3/7/2009	23.0	15.0	20.8	231	
3/8/2009	23.0	15.0	20.8	231	
3/9/2009	23.0	15.0	20.3	262	
3/10/2009	22.0	18.0	19.3	164	
3/11/2009	27.0	13.0	22.5	280	
3/12/2009	26.0	17.0	24.1	338	
3/13/2009	27.0	14.0	22.3	227	
3/14/2009	28.0	16.0	22.3	280	
3/15/2009	27.0	15.0	23.3	316	
3/16/2009	28.0	14.0	23.9	231	
3/17/2009	28.0	17.0	23.7	169	
3/18/2009	27.0	16.0	24.0	276	
3/19/2009	27.0	5.0	20.8	293	
3/20/2009	26.0	14.0	22.7	369	
3/21/2009	27.0	12.0	21.9	227	
3/22/2009	27.0	12.0	21.9	227	
3/23/2009	27.0	12.0	22.7	249	
3/24/2009	27.0	16.0	23.2	227	
3/25/2009	26.0	16.0	22.8	147	
3/26/2009	28.0	9.0	22.7	187	
3/27/2009	27.0	10.0	21.9	244	
3/28/2009	28.0	12.0	23.9	289	
3/29/2009	28.0	14.0	24.3	480	
3/30/2009	27.0	14.0	23.4	391	
3/31/2009	27.0	10.0	21.4	316	
4/1/2009	29.0	16.0	25.4	311	
4/2/2009	27.0	14.0	23.5	387	
4/3/2009	27.0	16.0	23.2	378	
4/4/2009	26.0	24.0	25.3	333	
4/5/2009	27.0	17.0	24.1	191	
4/6/2009	28.0	15.0	24.0	227	
4/7/2009	27.0	15.0	22.5	351	
4/8/2009	26.0	11.0	22.1	231	
4/9/2009	26.0	11.0	22.1	231	
4/10/2009	27.0	13.0	23.0	373	
4/11/2009	26.0	17.0	23.8	333	
4/12/2009	26.0	13.0	22.0	360	
4/13/2009	27.0	12.0	22.8	378	
4/14/2009	28.0	12.0	23.6	271	
4/15/2009	28.0	12.0	20.6	182	
4/16/2009	27.0	10.0	17.7	236	
4/17/2009	26.0	9.0	17.5	169	
4/18/2009	26.0	8.0	17.9	160	
4/19/2009	28.0	12.0	20.1	182	
4/20/2009	28.0	14.0	19.9	222	
4/21/2009	27.0	13.0	19.6	222	
4/22/2009	25.0	11.0	17.5	338	
4/23/2009	22.0	9.0	14.6	196	
4/24/2009	24.0	8.0	14.9	280	
4/25/2009	25.0	6.0	15.6	253	
4/26/2009	26.0	8.0	17.4	227	
4/27/2009	27.0	7.0	18.2	258	
4/28/2009	27.0	9.0	18.6	249	
4/29/2009	26.0	9.0	17.9	285	
4/30/2009	26.0	11.0	19.5	298	
5/1/2009	26.0	8.0	16.8	285	
5/2/2009	24.0	6.0	14.4	209	
5/3/2009	24.0	5.0	14.4	262	
5/4/2009	25.0	3.0	14.2	249	
5/5/2009	26.0	5.0	13.5	218	
5/6/2009	26.0	7.0	15.7	244	
5/7/2009	25.0	9.0	17.7	258	
5/8/2009	25.0	6.0	16.8	187	
5/9/2009	26.0	8.0	16.2	209	
5/10/2009	26.0	8.0	15.8	218	
5/11/2009	25.0	7.0	16.0	258	
5/12/2009	26.0	7.0	16.2	244	
5/13/2009	23.0	10.0	15.9	271	
5/14/2009	21.0	9.0	14.1	244	
5/15/2009	23.0	8.0	15.0	231	
5/16/2009	22.0	3.0	12.4	262	
5/17/2009	24.0	0	12.1	191	
5/18/2009	25.0	3.0	13.4	213	
5/19/2009	25.0	5.0	14.8	156	
5/20/2009	25.0	8.0	15.9	173	
5/21/2009	25.0	7.0	14.9	209	
5/22/2009	24.0	7.0	15.1	169	
5/23/2009	23.0	8.0	14.9	191	
5/24/2009	23.0	8.0	13.9	178	
5/25/2009	25.0	9.0	16.4	204	
5/26/2009	24.0	8.0	15.6	289	
5/27/2009	23.0	7.0	14.3	204	
5/28/2009	23.0	5.0	13.9	204	
5/29/2009	23.0	4.0	12.4	285	
5/30/2009	23.0	3.0	12.6	262	
5/31/2009	24.0	5.0	13.8	236	
6/1/2009	24.0	5.0	14.8	231	
6/2/2009	24.0	4.0	13.8	249	
6/3/2009	25.0	8.0	18.2	276	
6/4/2009	9.0	5.0	6.5	147	
6/5/2009	9.0	5.0	6.5	147	
6/6/2009	7.0	5.0	5.8	200	
6/7/2009	22.0	10.0	15.6	360	
6/8/2009	10.0	7.0	8.2	573	
6/9/2009	10.0	7.0	8.2	573	
6/10/2009	19.0	4.0	12.4	209	
6/11/2009	20.0	2.0	10.7	244	
6/12/2009	23.0	2.0	12.3	276	
6/13/2009	22.0	4.0	12.1	289	
6/14/2009	24.0	5.0	14.1	244	
6/15/2009	25.0	6.0	14.8	271	
6/16/2009	23.0	4.0	13.1	271	
6/17/2009	24.0	2.0	13.9	302	
6/18/2009	22.0	7.0	13.7	253	
6/19/2009	22.0	8.0	14.8	271	
6/20/2009	22.0	6.0	13.8	267	
6/21/2009	23.0	6.0	13.8	333	
6/22/2009	18.0	0	10.0	396	
6/23/2009	18.0	-2.0	7.1	196	
6/24/2009	21.0	-2.0	8.5	173	
6/25/2009	23.0	-1.0	10.7	213	
6/26/2009	20.0	1.0	10.6	182	
6/27/2009	21.0	-1.0	9.0	182	
6/28/2009	21.0	0	10.1	182	
6/29/2009	20.0	5.0	11.8	196	
6/30/2009	20.0	2.0	12.2	209	
7/1/2009	19.0	4.0	12.2	240	
7/2/2009	19.0	3.0	10.3	196	
7/3/2009	19.0	2.0	12.1	240	
7/4/2009	19.0	3.0	11.4	222	
7/5/2009	18.0	4.0	11.2	209	
7/6/2009	19.0	3.0	10.8	271	
7/7/2009	19.0	6.0	11.8	333	
7/8/2009	20.0	6.0	11.9	347	
7/9/2009	19.0	2.0	10.3	240	
7/10/2009	19.0	3.0	10.4	280	
7/11/2009	16.0	1.0	8.3	253	
7/12/2009	18.0	1.0	8.3	191	
7/13/2009	19.0	-1.0	7.6	267	
7/14/2009	18.0	-3.0	7.3	253	
7/15/2009	17.0	-1.0	7.7	271	
7/16/2009	18.0	0	9.6	280	
7/17/2009	20.0	4.0	11.1	191	
7/18/2009	20.0	7.0	13.2	249	
7/19/2009	20.0	3.0	12.8	200	
7/20/2009	21.0	4.0	13.1	169	
7/21/2009	21.0	4.0	12.1	156	
7/22/2009	22.0	3.0	12.1	178	
7/23/2009	18.0	3.0	11.9	387	
7/24/2009	16.0	-1.0	6.9	213	
7/25/2009	17.0	-3.0	7.0	253	
7/26/2009	17.0	3.0	9.3	404	
7/27/2009	19.0	6.0	11.9	356	
7/28/2009	9.0	6.0	7.8	231	
4/20/2010	25.0	9.0	17.6	164	
4/21/2010	26.0	7.0	16.5	249	
4/22/2010	27.0	8.0	17.4	196	
4/23/2010	28.0	11.0	19.6	267	
4/24/2010	28.0	13.0	20.1	333	
4/25/2010	26.0	12.0	18.3	351	
4/26/2010	26.0	9.0	17.5	285	
4/27/2010	25.0	9.0	16.9	227	
4/28/2010	28.0	11.0	19.3	218	
4/29/2010	29.0	13.0	19.8	204	
4/30/2010	29.0	14.0	21.1	258	
5/1/2010	26.0	15.0	20.1	311	
5/2/2010	23.0	10.0	15.4	209	
5/3/2010	25.0	8.0	16.1	178	
5/4/2010	24.0	6.0	14.8	240	
5/5/2010	24.0	5.0	13.6	173	
5/6/2010	25.0	6.0	15.3	209	
5/7/2010	27.0	6.0	16.1	222	
5/8/2010	27.0	8.0	18.1	271	
5/9/2010	27.0	10.0	18.8	316	
5/10/2010	25.0	5.0	15.7	285	
5/11/2010	26.0	2.0	13.4	204	
5/12/2010	28.0	4.0	15.2	240	
5/13/2010	27.0	8.0	17.4	258	
5/14/2010	26.0	12.0	19.3	236	
5/15/2010	23.0	13.0	17.1	320	
5/16/2010	24.0	12.0	17.9	271	
5/17/2010	24.0	10.0	17.6	222	
5/18/2010	24.0	9.0	16.3	182	
5/19/2010	23.0	6.0	14.9	191	
5/20/2010	22.0	5.0	14.1	258	
5/21/2010	21.0	7.0	15.1	307	
5/22/2010	23.0	8.0	15.4	280	
5/23/2010	23.0	7.0	15.6	169	
5/24/2010	23.0	8.0	14.8	160	
5/25/2010	24.0	7.0	14.7	151	
5/26/2010	24.0	7.0	14.7	204	
5/27/2010	25.0	7.0	15.4	285	
5/28/2010	23.0	5.0	14.0	240	
5/29/2010	23.0	6.0	14.3	218	
5/30/2010	24.0	6.0	14.9	191	
5/31/2010	25.0	9.0	17.0	240	
6/1/2010	24.0	10.0	16.2	244	
6/2/2010	23.0	6.0	14.9	182	
6/3/2010	23.0	4.0	12.9	156	
6/4/2010	25.0	5.0	14.8	133	
6/5/2010	26.0	5.0	15.2	151	
6/6/2010	27.0	7.0	15.7	147	
6/7/2010	25.0	5.0	14.8	204	
6/8/2010	23.0	5.0	13.8	196	
6/9/2010	23.0	5.0	13.2	276	
6/10/2010	23.0	5.0	13.2	285	
6/11/2010	23.0	3.0	12.8	280	
6/12/2010	23.0	4.0	12.2	236	
6/13/2010	24.0	1.0	11.7	200	
6/14/2010	23.0	1.0	10.9	249	
6/15/2010	9.0	1.0	4.6	453	
5/2/2011	24.0	14.0	19.6	187	
5/3/2011	24.0	14.0	19.6	187	
5/4/2011	24.0	14.0	19.6	187	
5/5/2011	24.0	14.0	19.6	187	
5/6/2011	24.0	14.0	19.6	187	
5/7/2011	24.0	14.0	19.6	187	
5/8/2011	24.0	14.0	19.6	187	
5/9/2011	24.0	14.0	19.6	187	
5/10/2011	24.0	14.0	19.6	187	
5/11/2011	23.0	11.0	17.4	222	
5/12/2011	23.0	9.0	15.4	173	
5/13/2011	23.0	7.0	15.1	173	
5/14/2011	22.0	5.0	13.6	342	
5/15/2011	21.0	5.0	13.2	329	
5/16/2011	22.0	6.0	12.9	222	
5/17/2011	23.0	4.0	12.6	276	
5/18/2011	22.0	4.0	12.8	156	
5/19/2011	23.0	6.0	14.1	222	
5/20/2011	23.0	7.0	14.7	200	
5/21/2011	24.0	7.0	14.6	138	
5/22/2011	23.0	6.0	14.0	173	
5/23/2011	23.0	6.0	14.1	191	
5/24/2011	22.0	3.0	13.4	298	
5/25/2011	18.0	1.0	9.4	418	
5/26/2011	16.0	1.0	7.9	218	
5/27/2011	19.0	3.0	9.9	209	
5/28/2011	21.0	2.0	10.6	191	
5/29/2011	22.0	2.0	11.8	209	
5/30/2011	21.0	0	9.9	218	
5/31/2011	19.0	1.0	10.3	293	
6/1/2011	21.0	-1.0	8.8	253	
6/2/2011	22.0	-1.0	9.1	213	
6/3/2011	21.0	-1.0	9.1	182	
6/4/2011	21.0	1.0	10.6	178	
6/5/2011	23.0	6.0	13.7	204	
6/6/2011	22.0	5.0	13.7	298	
6/7/2011	10.0	-2.0	4.4	311	
6/8/2011	17.0	-4.0	5.9	147	
6/9/2011	21.0	-1.0	9.9	196	
6/10/2011	21.0	0	9.7	222	
6/11/2011	21.0	1.0	10.4	249	
6/12/2011	23.0	2.0	11.9	271	
6/13/2011	24.0	5.0	13.7	236	
6/14/2011	22.0	4.0	13.1	258	
6/15/2011	22.0	4.0	12.4	253	
6/16/2011	23.0	2.0	11.2	209	
6/17/2011	24.0	1.0	11.6	213	
6/18/2011	23.0	3.0	12.4	253	
6/19/2011	23.0	5.0	13.3	111	
6/20/2011	23.0	4.0	13.3	142	
6/21/2011	23.0	5.0	12.3	151	
6/22/2011	22.0	3.0	12.1	173	
6/23/2011	21.0	-1.0	10.9	231	
6/24/2011	18.0	-2.0	7.9	240	
6/25/2011	19.0	-4.0	7.1	236	
6/26/2011	21.0	-1.0	8.6	204	
6/27/2011	20.0	-2.0	7.8	196	
6/28/2011	20.0	-3.0	8.4	227	
6/29/2011	20.0	-1.0	8.4	227	
6/30/2011	21.0	0	10.4	227	
7/1/2011	22.0	0	10.6	196	
7/2/2011	22.0	1.0	10.9	249	
7/3/2011	21.0	-1.0	9.0	227	
7/4/2011	21.0	0	9.2	262	
7/5/2011	16.0	2.0	8.7	360	
7/6/2011	17.0	1.0	8.7	276	
7/7/2011	22.0	4.0	11.2	307	
7/8/2011	21.0	3.0	10.4	191	
7/9/2011	20.0	3.0	10.6	196	
7/10/2011	19.0	6.0	12.2	267	
7/11/2011	19.0	7.0	12.0	222	
7/12/2011	18.0	6.0	11.4	200	
7/13/2011	18.0	5.0	11.5	129	
7/14/2011	19.0	3.0	10.9	169	
7/15/2011	19.0	3.0	11.4	173	
7/16/2011	21.0	3.0	11.9	142	
7/17/2011	21.0	1.0	11.1	169	
7/18/2011	22.0	1.0	11.4	156	
7/19/2011	22.0	1.0	10.7	151	
7/20/2011	23.0	1.0	12.3	178	
7/21/2011	23.0	7.0	15.5	329	
7/22/2011	24.0	3.0	12.9	244	
7/23/2011	23.0	6.0	13.6	302	
7/24/2011	19.0	0	9.8	311	
7/25/2011	18.0	-2.0	7.8	289	
7/26/2011	20.0	-1.0	8.8	209	
7/27/2011	21.0	0	10.5	262	
7/28/2011	19.0	3.0	9.0	271	
7/29/2011	19.0	-2.0	9.5	240	
7/30/2011	20.0	-1.0	9.3	271	
7/31/2011	21.0	6.0	12.2	302	
8/1/2011	22.0	5.0	12.3	231	
8/2/2011	22.0	4.0	12.3	196	
8/3/2011	23.0	3.0	12.6	169	
8/4/2011	24.0	4.0	13.9	262	
8/5/2011	23.0	6.0	12.3	244	
8/6/2011	21.0	2.0	11.3	218	
8/7/2011	24.0	4.0	14.2	156	
8/8/2011	25.0	5.0	14.7	156	
8/9/2011	26.0	9.0	17.4	182	
8/10/2011	26.0	9.0	18.2	231	
8/11/2011	27.0	8.0	16.4	178	
8/12/2011	25.0	6.0	15.1	218	
8/13/2011	25.0	6.0	15.6	267	
8/14/2011	22.0	3.0	13.2	227	
8/15/2011	23.0	3.0	14.0	200	
8/16/2011	24.0	10.0	15.8	240	
8/17/2011	22.0	8.0	14.1	236	
8/18/2011	23.0	6.0	15.1	285	
8/19/2011	24.0	5.0	13.4	249	
8/20/2011	25.0	4.0	14.3	302	
8/21/2011	24.0	1.0	12.9	347	
8/22/2011	22.0	0	9.3	409	
8/23/2011	18.0	-1.0	7.9	213	
8/24/2011	29.0	1.0	14.1	187	
8/25/2011	30.0	4.0	17.7	196	
8/26/2011	30.0	7.0	19.6	236	
8/27/2011	29.0	10.0	20.1	244	
8/28/2011	29.0	12.0	20.6	240	
8/29/2011	29.0	12.0	19.9	164	
8/30/2011	28.0	10.0	18.4	160	
8/31/2011	28.0	8.0	18.2	102	
9/1/2011	28.0	9.0	19.1	151	
9/2/2011	28.0	11.0	19.9	253	
9/3/2011	29.0	7.0	18.7	151	
9/4/2011	29.0	7.0	18.6	173	
9/5/2011	28.0	8.0	19.3	156	
9/6/2011	29.0	9.0	20.1	142	
9/7/2011	29.0	9.0	19.3	151	
9/8/2011	29.0	8.0	19.1	124	
9/9/2011	29.0	10.0	19.9	204	
9/10/2011	29.0	10.0	19.7	191	
9/11/2011	29.0	9.0	20.4	222	
9/12/2011	28.0	8.0	18.2	276	
9/13/2011	25.0	8.0	16.2	258	
9/14/2011	28.0	5.0	17.3	169	
9/15/2011	30.0	8.0	19.6	253	
9/16/2011	27.0	12.0	20.0	258	
9/17/2011	30.0	11.0	20.4	116	
9/18/2011	29.0	9.0	20.7	200	
9/19/2011	30.0	12.0	22.8	258	
9/20/2011	30.0	5.0	18.4	218	
9/21/2011	30.0	11.0	21.8	338	
9/22/2011	29.0	16.0	22.1	351	
9/23/2011	29.0	12.0	19.1	391	
9/24/2011	31.0	15.0	22.4	182	
9/25/2011	28.0	15.0	22.3	222	
9/26/2011	30.0	13.0	21.3	298	
9/27/2011	29.0	14.0	20.9	191	
9/28/2011	28.0	16.0	19.8	285	
9/29/2011	26.0	12.0	17.8	240	
9/30/2011	29.0	10.0	19.9	204	
10/1/2011	28.0	7.0	17.9	307	
10/2/2011	26.0	5.0	16.3	222	
10/3/2011	25.0	9.0	16.5	378	
10/4/2011	26.0	7.0	17.9	151	
10/5/2011	27.0	10.0	19.6	276	
10/6/2011	28.0	16.0	21.3	391	
10/7/2011	28.0	13.0	21.3	289	
10/8/2011	28.0	10.0	20.3	218	
10/9/2011	28.0	9.0	19.6	227	
10/10/2011	28.0	8.0	19.7	218	
10/11/2011	28.0	10.0	20.6	169	
10/12/2011	30.0	10.0	20.7	209	
10/13/2011	30.0	11.0	21.6	244	
10/14/2011	31.0	10.0	21.4	236	
10/15/2011	31.0	10.0	21.7	218	
10/16/2011	32.0	15.0	23.7	271	
10/17/2011	31.0	12.0	22.1	276	
10/18/2011	28.0	9.0	18.1	342	
10/19/2011	25.0	7.0	15.0	227	
10/20/2011	27.0	7.0	16.6	231	
10/21/2011	30.0	11.0	21.4	267	
10/22/2011	33.0	10.0	22.9	209	
10/23/2011	34.0	20.0	26.6	324	
10/24/2011	33.0	20.0	25.8	320	
10/25/2011	33.0	18.0	24.4	342	
10/26/2011	27.0	15.0	20.2	142	
10/27/2011	26.0	12.0	18.7	196	
10/28/2011	28.0	8.0	18.8	231	
10/29/2011	28.0	11.0	19.9	271	
10/30/2011	26.0	9.0	17.9	227	
10/31/2011	28.0	7.0	19.2	289	
11/1/2011	30.0	13.0	21.1	382	
11/2/2011	31.0	15.0	22.8	289	
11/3/2011	32.0	14.0	24.1	316	
11/4/2011	24.0	7.0	17.1	200	
11/5/2011	28.0	4.0	17.7	285	
11/6/2011	30.0	10.0	20.3	204	
11/7/2011	32.0	10.0	23.0	267	
11/8/2011	34.0	12.0	24.8	236	
11/9/2011	32.0	17.0	24.9	191	
11/10/2011	33.0	16.0	24.8	289	
11/11/2011	31.0	13.0	22.7	213	
11/12/2011	32.0	16.0	24.4	271	
11/13/2011	32.0	13.0	23.2	347	
11/14/2011	32.0	13.0	22.3	347	
11/15/2011	32.0	9.0	21.9	182	
11/16/2011	34.0	14.0	25.1	227	
11/17/2011	32.0	18.0	25.1	204	
11/18/2011	28.0	19.0	22.6	236	
11/19/2011	27.0	16.0	21.2	196	
11/20/2011	30.0	16.0	22.4	227	
11/21/2011	29.0	17.0	22.4	307	
11/22/2011	20.0	15.0	17.7	133	
11/23/2011					
11/24/2011					
11/25/2011					
11/26/2011					
11/27/2011					
11/28/2011					
11/29/2011					
11/30/2011					
12/1/2011					
12/2/2011					
12/3/2011					
12/4/2011					
12/5/2011					
12/6/2011					
12/7/2011					
12/8/2011					
12/9/2011					
12/10/2011					
12/11/2011					
12/12/2011					
12/13/2011					
12/14/2011					
12/15/2011					
12/16/2011					
12/17/2011					
12/18/2011					
12/19/2011					
12/20/2011					
12/21/2011					
12/22/2011					
12/23/2011					
12/24/2011					
12/25/2011					
12/26/2011					
12/27/2011					
12/28/2011					
12/29/2011					
12/30/2011					
12/31/2011					
1/1/2012					
1/2/2012					
1/3/2012					
1/4/2012					
1/5/2012					
1/6/2012					
1/7/2012					
1/8/2012					
1/9/2012					
1/10/2012					
1/11/2012					
1/12/2012					
1/13/2012					
1/14/2012					
1/15/2012					
1/16/2012					
1/17/2012					
1/18/2012					
1/19/2012					
1/20/2012					
1/21/2012					
1/22/2012					
1/23/2012					
1/24/2012					
1/25/2012					
1/26/2012					
1/27/2012					
1/28/2012					
1/29/2012					
1/30/2012					
1/31/2012					
2/1/2012					
2/2/2012					
2/3/2012					
2/4/2012					
2/5/2012					
2/6/2012					
2/7/2012					
2/8/2012					
2/9/2012					
2/10/2012					
2/11/2012					
2/12/2012					
2/13/2012					
2/14/2012					
2/15/2012					
2/16/2012					
2/17/2012					
2/18/2012					
2/19/2012					
2/20/2012					
2/21/2012					
2/22/2012					
2/23/2012					
2/24/2012					
2/25/2012					
2/26/2012					
2/27/2012					
2/28/2012					
2/29/2012					
3/1/2012	27.0	20.0	23.0	196	
3/2/2012					
3/3/2012					
3/4/2012					
3/5/2012					
3/6/2012					
3/7/2012					
3/8/2012					
3/9/2012					
3/10/2012					
3/11/2012					
3/12/2012					
3/13/2012					
3/14/2012	22.0	18.0	19.8	285	
3/15/2012	22.0	18.0	19.8	285	
3/16/2012	22.0	18.0	19.8	285	
3/17/2012	22.0	18.0	19.8	285	
3/18/2012	22.0	18.0	19.8	285	
3/19/2012	22.0	18.0	19.8	285	
3/20/2012	22.0	18.0	19.8	285	
3/21/2012	28.0	17.0	21.8	324	
3/22/2012	27.0	21.0	24.0	182	
3/23/2012	25.0	21.0	23.0	76	
3/24/2012	27.0	25.0	26.2	213	
3/25/2012	26.0	23.0	24.8	316	
3/26/2012	22.0	18.0	19.5	182	
3/27/2012	22.0	18.0	19.5	182	
3/28/2012	23.0	10.0	19.8	276	
3/29/2012	25.0	12.0	21.3	213	
3/30/2012	26.0	12.0	21.4	293	
3/31/2012	26.0	12.0	21.4	293	
4/1/2012	24.0	10.0	17.8	262	
4/2/2012	25.0	11.0	20.1	231	
4/3/2012	26.0	8.0	20.6	151	
4/4/2012	25.0	13.0	20.5	138	
4/5/2012	25.0	11.0	21.2	240	
4/6/2012	25.0	15.0	21.3	271	
4/7/2012	25.0	12.0	20.9	351	
4/8/2012	24.0	17.0	22.1	293	
4/9/2012	27.0	11.0	22.2	196	
4/10/2012	25.0	12.0	20.8	280	
4/11/2012	28.0	9.0	20.7	196	
4/12/2012	26.0	13.0	22.5	222	
4/13/2012	26.0	16.0	22.2	289	
4/14/2012	23.0	15.0	18.2	338	
4/15/2012	25.0	11.0	19.8	262	
4/16/2012	26.0	17.0	21.8	436	
4/17/2012	22.0	13.0	18.6	289	
4/18/2012	26.0	15.0	22.7	298	
4/19/2012	26.0	12.0	22.4	196	
4/20/2012	25.0	10.0	21.2	218	
4/21/2012	22.0	13.0	18.8	360	
4/22/2012	23.0	7.0	19.0	267	
4/23/2012	25.0	4.0	19.2	280	
4/24/2012	28.0	15.0	22.8	413	
4/25/2012	26.0	15.0	22.2	453	
4/26/2012	26.0	11.0	21.1	356	
4/27/2012	26.0	16.0	21.0	231	
4/28/2012	27.0	15.0	23.7	333	
4/29/2012	28.0	10.0	23.2	253	
4/30/2012	27.0	10.0	22.7	280	
5/1/2012	27.0	17.0	24.2	164	
5/2/2012	28.0	11.0	22.9	280	
5/3/2012	28.0	10.0	23.7	138	
5/4/2012	29.0	10.0	23.0	173	
5/5/2012	29.0	12.0	24.0	182	
5/6/2012	29.0	13.0	24.4	289	
5/7/2012	27.0	8.0	21.2	289	
5/8/2012	25.0	11.0	20.8	231	
5/9/2012	24.0	12.0	20.3	191	
5/10/2012	24.0	9.0	19.8	298	
5/11/2012	24.0	9.0	20.1	347	
5/12/2012	25.0	8.0	20.8	213	
5/13/2012	24.0	7.0	18.6	213	
5/14/2012	24.0	8.0	19.2	231	
5/15/2012	25.0	7.0	19.2	231	
5/16/2012	24.0	8.0	18.2	191	
5/17/2012	24.0	7.0	19.3	116	
5/18/2012	24.0	8.0	19.6	236	
5/19/2012	25.0	6.0	20.0	244	
5/20/2012	24.0	5.0	19.8	240	
5/21/2012	36.0	8.0	20.2	289	
5/22/2012	24.0	6.0	19.2	222	
5/23/2012	25.0	6.0	18.4	285	
5/24/2012	25.0	7.0	20.0	280	
5/25/2012	24.0	4.0	16.7	253	
5/26/2012	24.0	8.0	16.2	156	
5/27/2012	25.0	6.0	18.5	213	
5/28/2012	23.0	6.0	18.3	209	
5/29/2012	23.0	5.0	18.5	236	
5/30/2012	23.0	6.0	17.7	187	
5/31/2012	23.0	7.0	18.2	285	
6/1/2012	21.0	8.0	17.2	227	
6/2/2012	20.0	9.0	16.4	467	
6/3/2012	21.0	2.0	16.2	378	
6/4/2012	23.0	2.0	15.8	396	
6/5/2012	20.0	4.0	16.0	240	
6/6/2012	23.0	3.0	16.6	289	
6/7/2012	22.0	2.0	16.6	262	
6/8/2012	20.0	0	13.0	351	
6/9/2012	20.0	0	13.0	351	
6/10/2012	20.0	0	13.0	351	
6/11/2012	20.0	-2.0	10.2	356	
6/12/2012	21.0	0	13.1	182	
6/13/2012	22.0	-1.0	13.9	178	
6/14/2012	22.0	0	14.5	253	
6/15/2012	20.0	10.0	16.9	231	
6/16/2012	20.0	2.0	12.0	329	
6/17/2012	17.0	0	9.3	244	
6/18/2012	20.0	0	13.0	307	
6/19/2012	22.0	7.0	15.1	409	
6/20/2012	22.0	8.0	14.6	365	
6/21/2012	23.0	10.0	18.2	520	
6/22/2012	18.0	0	10.0	156	
6/23/2012	18.0	0	10.0	156	
6/24/2012	19.0	-1.0	12.3	218	
6/25/2012	22.0	0	15.4	196	
6/26/2012	23.0	1.0	16.1	173	
6/27/2012	25.0	2.0	17.4	124	
6/28/2012	25.0	3.0	16.0	173	
6/29/2012	24.0	10.0	19.7	142	
6/30/2012	24.0	4.0	16.3	142	
7/1/2012	24.0	3.0	16.0	178	
7/2/2012	24.0	4.0	16.7	142	
7/3/2012	24.0	5.0	17.2	204	
7/4/2012	23.0	4.0	16.2	182	
7/5/2012	23.0	6.0	17.6	267	
7/6/2012	22.0	8.0	16.1	320	
7/7/2012	16.0	5.0	11.8	316	
7/8/2012	18.0	2.0	10.1	324	
7/9/2012	23.0	2.0	16.1	147	
7/10/2012	24.0	0	16.3	169	
7/11/2012	23.0	4.0	17.4	120	
7/12/2012	23.0	4.0	17.7	133	
7/13/2012	17.0	3.0	10.6	178	
7/14/2012	17.0	3.0	10.6	178	
7/15/2012	17.0	3.0	10.6	178	
7/16/2012	17.0	4.0	10.5	120	
7/17/2012	20.0	-3.0	11.3	209	
7/18/2012	22.0	15.0	19.5	164	
7/19/2012	20.0	8.0	15.4	267	
7/20/2012	21.0	15.0	18.8	329	
7/21/2012	20.0	0	15.2	324	
7/22/2012	23.0	2.0	15.9	160	
7/23/2012	23.0	0	15.3	182	
7/24/2012	23.0	1.0	17.6	182	
7/25/2012	23.0	3.0	18.3	222	
7/26/2012	21.0	14.0	18.4	324	
7/27/2012	21.0	0	14.0	285	
7/28/2012	19.0	1.0	12.2	293	
7/29/2012	20.0	13.0	18.2	293	
7/30/2012	22.0	11.0	17.4	213	
7/31/2012	23.0	5.0	17.6	338	
8/1/2012	25.0	8.0	19.3	382	
8/2/2012	22.0	9.0	17.3	404	
8/3/2012	25.0	11.0	20.2	271	
8/4/2012	24.0	8.0	18.6	196	
8/5/2012	24.0	12.0	19.2	222	
8/6/2012	25.0	7.0	16.3	400	
8/7/2012	13.0	0	8.6	627	
8/8/2012	16.0	-3.0	11.2	191	
8/9/2012	20.0	-3.0	13.0	271	
8/10/2012	23.0	-3.0	15.8	347	
8/11/2012	21.0	3.0	15.4	453	
8/12/2012	22.0	9.0	16.9	449	
8/13/2012	24.0	1.0	16.8	276	
8/14/2012	24.0	4.0	18.5	520	
8/15/2012	15.0	6.0	12.2	516	
8/16/2012	21.0	-3.0	13.6	240	
8/17/2012	25.0	7.0	18.6	236	
8/18/2012	27.0	7.0	20.2	356	
8/19/2012	26.0	17.0	22.3	342	
8/20/2012	27.0	10.0	21.6	369	
8/21/2012	27.0	11.0	21.0	231	
8/22/2012	26.0	8.0	20.6	196	
8/23/2012	27.0	8.0	20.9	164	
8/24/2012	29.0	15.0	24.6	271	
8/25/2012	27.0	12.0	22.4	311	
8/26/2012	24.0	10.0	18.2	351	
8/27/2012	24.0	10.0	18.2	351	
8/28/2012	27.0	12.0	22.3	387	
8/29/2012	27.0	9.0	21.1	285	
8/30/2012	28.0	6.0	17.8	244	
8/31/2012	28.0	8.0	21.8	462	
9/1/2012	29.0	5.0	21.3	307	
9/2/2012	29.0	10.0	22.4	249	
9/3/2012	31.0	8.0	21.8	218	
9/4/2012	29.0	9.0	21.3	324	
9/5/2012	25.0	10.0	18.9	493	
9/6/2012	23.0	6.0	14.5	511	
9/7/2012	26.0	0	14.9	209	
9/8/2012	27.0	9.0	20.5	218	
9/9/2012	27.0	3.0	17.7	307	
9/10/2012	25.0	7.0	17.5	240	
9/11/2012	28.0	17.0	23.8	484	
9/12/2012	26.0	17.0	18.8	373	
9/13/2012	28.0	2.0	17.9	218	
9/14/2012	29.0	13.0	25.1	365	
9/15/2012	29.0	10.0	21.1	316	
9/16/2012	28.0	15.0	20.0	227	
9/17/2012	27.0	16.0	23.1	236	
9/18/2012	28.0	15.0	23.6	285	
9/19/2012	29.0	12.0	24.8	404	
9/20/2012	29.0	15.0	23.4	271	
9/21/2012	27.0	15.0	23.2	329	
9/22/2012	27.0	5.0	19.7	253	
9/23/2012	29.0	9.0	19.8	289	
9/24/2012	30.0	8.0	22.7	173	
9/25/2012	30.0	10.0	24.6	204	
9/26/2012	30.0	10.0	22.9	324	
9/27/2012	26.0	9.0	17.8	236	
9/28/2012	24.0	2.0	15.9	311	
9/29/2012	27.0	9.0	19.8	196	
9/30/2012	29.0	8.0	20.7	262	
10/1/2012	31.0	8.0	25.9	236	
10/2/2012	30.0	13.0	24.0	271	
10/3/2012	32.0	20.0	27.6	396	
10/4/2012	32.0	20.0	26.7	378	
10/5/2012	31.0	21.0	26.8	307	
10/6/2012	32.0	20.0	27.2	324	
10/7/2012	30.0	17.0	23.9	596	
10/8/2012	30.0	14.0	22.3	471	
10/9/2012	28.0	18.0	24.0	236	
10/10/2012	28.0	17.0	23.7	311	
10/11/2012	28.0	17.0	23.7	311	
10/12/2012	31.0	16.0	24.4	373	
10/13/2012	32.0	18.0	25.6	489	
10/14/2012	28.0	8.0	19.1	191	
10/15/2012	30.0	11.0	21.3	271	
10/16/2012	31.0	18.0	24.2	276	
10/17/2012	30.0	13.0	20.0	218	
10/18/2012	30.0	13.0	20.0	218	
10/19/2012	30.0	13.0	20.0	218	
10/20/2012	25.0	6.0	15.3	391	
10/21/2012	28.0	5.0	19.2	271	
10/22/2012	29.0	15.0	22.9	333	
10/23/2012	31.0	17.0	25.4	307	
10/24/2012	31.0	17.0	23.6	262	
10/25/2012	31.0	12.0	23.7	204	
10/26/2012	31.0	19.0	24.4	360	
10/27/2012	30.0	14.0	22.3	285	
10/28/2012	30.0	17.0	24.8	129	
10/29/2012	32.0	20.0	27.1	209	
10/30/2012	30.0	21.0	26.8	316	
10/31/2012	30.0	17.0	26.0	320	
11/1/2012	30.0	22.0	26.5	476	
11/2/2012	30.0	12.0	23.7	360	
11/3/2012	29.0	13.0	22.3	227	
11/4/2012	29.0	18.0	22.4	116	
11/5/2012	30.0	17.0	26.0	236	
11/6/2012	32.0	17.0	26.4	311	
11/7/2012	33.0	21.0	29.3	373	
11/8/2012	32.0	21.0	27.4	338	
11/9/2012	33.0	20.0	28.0	347	
11/10/2012	33.0	19.0	24.5	476	
11/11/2012	28.0	18.0	23.7	196	
11/12/2012	29.0	25.0	27.4	436	
11/13/2012	31.0	13.0	27.3	329	
11/14/2012	33.0	27.0	31.0	493	
11/15/2012	32.0	15.0	27.6	409	
11/16/2012	33.0	19.0	26.5	187	
11/17/2012	30.0	20.0	23.0	333	
11/18/2012	34.0	21.0	28.2	302	
11/19/2012	34.0	29.0	31.0	378	
11/20/2012	30.0	22.0	25.7	333	
11/21/2012	27.0	16.0	23.5	178	
11/22/2012	29.0	21.0	26.6	471	
11/23/2012	28.0	18.0	23.0	253	
11/24/2012	27.0	15.0	23.5	307	
11/25/2012	28.0	15.0	21.6	453	
11/26/2012	30.0	18.0	25.0	404	
11/27/2012	30.0	19.0	26.5	458	
11/28/2012	29.0	17.0	25.0	329	
11/29/2012	28.0	17.0	23.9	293	
11/30/2012	24.0	17.0	18.5	156	
12/1/2012	26.0	20.0	24.0	476	
12/2/2012	26.0	16.0	21.8	427	
12/3/2012	30.0	13.0	24.9	369	
12/4/2012	29.0	13.0	25.4	338	
12/5/2012	30.0	22.0	27.1	391	
12/6/2012	31.0	16.0	26.0	227	
12/7/2012	24.0	15.0	19.0	58	
12/8/2012	31.0	14.0	24.2	302	
12/9/2012	31.0	19.0	27.2	369	
12/10/2012	31.0	17.0	26.8	462	
12/11/2012	28.0	14.0	22.3	400	
12/12/2012	27.0	16.0	22.4	347	
12/13/2012	30.0	15.0	24.0	445	
12/14/2012	31.0	14.0	25.4	271	
12/15/2012	30.0	14.0	24.3	204	
12/16/2012	32.0	19.0	26.3	298	
12/17/2012	31.0	18.0	25.7	178	
12/18/2012	30.0	17.0	25.3	293	
12/19/2012	29.0	20.0	25.0	289	
12/20/2012	31.0	20.0	27.0	200	
12/21/2012	28.0	18.0	25.7	311	
12/22/2012	28.0	17.0	22.5	160	
12/23/2012	27.0	15.0	21.4	267	
12/24/2012	28.0	16.0	22.3	142	
12/25/2012	28.0	16.0	22.3	142	
12/26/2012	37.0	20.0	27.3	342	
12/27/2012	33.0	18.0	26.5	138	
12/28/2012	31.0	20.0	26.7	320	
12/29/2012	32.0	20.0	25.0	178	
12/30/2012	30.0	20.0	26.2	244	
12/31/2012	29.0	20.0	23.5	289	
1/1/2013	29.0	20.0	23.5	289	
1/2/2013	30.0	19.0	25.0	173	
1/3/2013	31.0	19.0	26.3	356	
1/4/2013	31.0	18.0	24.7	396	
1/5/2013	32.0	17.0	26.0	204	
1/6/2013	32.0	17.0	24.9	182	
1/7/2013	33.0	14.0	27.6	342	
1/8/2013	33.0	19.0	26.4	285	
1/9/2013	28.0	19.0	24.7	142	
1/10/2013	28.0	17.0	22.7	209	
1/11/2013	30.0	18.0	23.6	280	
1/12/2013	31.0	19.0	24.9	431	
1/13/2013	33.0	15.0	25.0	209	
1/14/2013	30.0	15.0	22.6	133	
1/15/2013	29.0	19.0	24.5	324	
1/16/2013	32.0	21.0	28.0	382	
1/17/2013	31.0	21.0	26.7	422	
1/18/2013	31.0	19.0	27.0	476	
1/19/2013	29.0	19.0	24.6	365	
1/20/2013	31.0	19.0	24.3	369	
1/21/2013	34.0	19.0	28.7	258	
1/22/2013	34.0	20.0	29.1	324	
1/23/2013	31.0	19.0	24.8	231	
1/24/2013	32.0	20.0	28.1	280	
1/25/2013	32.0	17.0	28.0	240	
1/26/2013	33.0	15.0	28.3	200	
1/27/2013	33.0	20.0	27.7	289	
1/28/2013	32.0	21.0	26.1	249	
1/29/2013	31.0	17.0	25.0	324	
1/30/2013	31.0	20.0	27.4	227	
1/31/2013	35.0	20.0	29.1	356	
2/1/2013	35.0	22.0	30.3	338	
2/2/2013	36.0	27.0	32.3	307	
2/3/2013	36.0	27.0	32.3	307	
2/4/2013	36.0	27.0	32.3	307	
2/5/2013	31.0	17.0	24.8	200	
2/6/2013	30.0	27.0	28.8	213	
2/7/2013	33.0	22.0	27.8	258	
2/8/2013	31.0	27.0	28.8	480	
2/9/2013	30.0	17.0	25.6	213	
2/10/2013	31.0	14.0	24.3	240	
2/11/2013	32.0	17.0	26.8	360	
2/12/2013	30.0	18.0	24.2	249	
2/13/2013	32.0	20.0	27.6	302	
2/14/2013	32.0	18.0	27.6	227	
2/15/2013	31.0	21.0	26.9	365	
2/16/2013	31.0	19.0	25.1	200	
2/17/2013	30.0	18.0	26.1	302	
2/18/2013	32.0	15.0	26.6	249	
2/19/2013	33.0	18.0	26.2	427	
2/20/2013	29.0	19.0	23.7	280	
2/21/2013	28.0	17.0	23.8	249	
2/22/2013	31.0	15.0	23.8	160	
2/23/2013	32.0	19.0	26.4	400	
2/24/2013	33.0	20.0	26.9	391	
2/25/2013	35.0	18.0	29.0	267	
2/26/2013	34.0	16.0	26.6	267	
2/27/2013	33.0	16.0	25.2	280	
2/28/2013	33.0	19.0	27.6	173	
3/1/2013	31.0	17.0	25.2	289	
3/2/2013	31.0	18.0	25.3	404	
3/3/2013	33.0	15.0	26.3	316	
3/4/2013	30.0	17.0	23.6	253	
3/5/2013	29.0	25.0	26.5	289	
3/6/2013	28.0	20.0	22.9	262	
3/7/2013	31.0	25.0	28.9	427	
3/8/2013	31.0	9.0	25.2	347	
3/9/2013	32.0	18.0	25.9	293	
3/10/2013	31.0	20.0	26.2	320	
3/11/2013	30.0	15.0	24.7	285	
3/12/2013	30.0	18.0	25.0	324	
3/13/2013	30.0	14.0	25.0	333	
3/14/2013	30.0	15.0	23.9	160	
3/15/2013	31.0	16.0	25.6	156	
3/16/2013	31.0	15.0	24.7	142	
3/17/2013	30.0	18.0	24.4	422	
3/18/2013	33.0	20.0	28.1	285	
3/19/2013	32.0	19.0	27.6	333	
3/20/2013	33.0	13.0	26.8	213	
3/21/2013	30.0	19.0	26.2	293	
3/22/2013	31.0	14.0	25.7	200	
3/23/2013	32.0	21.0	27.8	293	
3/24/2013	31.0	19.0	24.4	227	
3/25/2013	27.0	14.0	20.4	36	
3/26/2013	27.0	18.0	23.6	209	
3/27/2013	26.0	14.0	21.0	231	
3/28/2013	27.0	18.0	23.3	200	
3/29/2013	27.0	18.0	23.3	200	
3/30/2013	22.0	16.0	18.1	173	
3/31/2013	22.0	16.0	18.1	173	
4/1/2013	24.0	7.0	17.9	240	
4/2/2013	27.0	7.0	22.3	293	
4/3/2013	26.0	10.0	20.6	200	
4/4/2013	25.0	13.0	21.0	182	
4/5/2013	26.0	11.0	21.0	333	
4/6/2013	27.0	9.0	19.2	84	
4/7/2013	27.0	9.0	19.2	84	
4/8/2013	28.0	9.0	23.2	160	
4/9/2013	28.0	11.0	22.3	258	
4/10/2013	25.0	11.0	19.7	360	
4/11/2013	27.0	8.0	19.4	196	
4/12/2013	29.0	10.0	23.1	209	
4/13/2013	29.0	12.0	22.2	164	
4/14/2013	27.0	13.0	20.0	116	
4/15/2013	29.0	14.0	23.4	142	
4/16/2013	29.0	14.0	23.6	191	
4/17/2013	27.0	14.0	22.4	236	
4/18/2013	25.0	10.0	19.9	204	
4/19/2013	23.0	7.0	16.9	285	
4/20/2013	22.0	5.0	15.0	191	
4/21/2013	26.0	6.0	16.7	236	
4/22/2013	28.0	6.0	21.2	196	
4/23/2013	28.0	7.0	21.4	178	
4/24/2013	27.0	7.0	21.9	227	
4/25/2013	26.0	13.0	21.3	240	
4/26/2013	26.0	12.0	20.8	338	
4/27/2013	26.0	10.0	18.8	289	
4/28/2013	25.0	6.0	18.3	227	
4/29/2013	27.0	7.0	20.3	218	
4/30/2013	26.0	9.0	21.4	293	
5/1/2013	25.0	13.0	20.4	342	
5/2/2013	24.0	9.0	18.4	164	
5/3/2013	24.0	7.0	18.9	111	
5/4/2013	20.0	10.0	15.6	520	
5/5/2013	22.0	9.0	16.3	387	
5/6/2013	24.0	9.0	18.2	356	
5/7/2013	24.0	6.0	18.2	187	
5/8/2013	24.0	6.0	18.1	138	
5/9/2013	25.0	9.0	19.8	249	
5/10/2013	25.0	8.0	19.4	342	
5/11/2013	26.0	7.0	17.7	227	
5/12/2013	25.0	8.0	17.9	289	
5/13/2013	26.0	7.0	19.2	231	
5/14/2013	26.0	7.0	19.9	196	
5/15/2013	25.0	7.0	19.7	218	
5/16/2013	25.0	10.0	19.7	253	
5/17/2013	25.0	10.0	18.4	271	
5/18/2013	26.0	13.0	20.0	356	
5/19/2013	25.0	14.0	20.2	467	
5/20/2013	24.0	10.0	18.8	409	
5/21/2013	24.0	14.0	18.7	200	
5/22/2013	24.0	9.0	18.0	213	
5/23/2013	24.0	8.0	16.9	267	
5/24/2013	25.0	9.0	18.8	187	
5/25/2013	23.0	15.0	18.8	133	
5/26/2013	24.0	7.0	17.7	178	
5/27/2013	25.0	6.0	18.2	240	
5/28/2013	24.0	7.0	15.6	129	
5/29/2013	26.0	6.0	18.9	231	
5/30/2013	25.0	5.0	18.2	218	
5/31/2013	25.0	5.0	17.8	262	
6/1/2013	23.0	5.0	14.7	324	
6/2/2013	24.0	3.0	13.0	151	
6/3/2013	25.0	3.0	14.9	289	
6/4/2013	25.0	8.0	18.6	249	
6/5/2013	26.0	8.0	20.5	253	
6/6/2013	25.0	9.0	20.5	462	
6/7/2013	24.0	7.0	18.9	365	
6/8/2013	23.0	7.0	15.5	227	
6/9/2013	22.0	10.0	16.9	378	
6/10/2013	21.0	3.0	13.8	369	
6/11/2013	20.0	3.0	12.4	276	
6/12/2013	22.0	4.0	15.5	209	
6/13/2013	23.0	3.0	14.6	209	
6/14/2013	24.0	2.0	16.3	187	
6/15/2013	23.0	5.0	13.5	182	
6/16/2013	23.0	7.0	15.5	164	
6/17/2013	22.0	11.0	16.4	378	
6/18/2013	21.0	5.0	15.2	258	
6/19/2013	21.0	5.0	16.0	116	
6/20/2013	22.0	4.0	15.4	116	
6/21/2013	22.0	3.0	13.9	142	
6/22/2013	22.0	4.0	13.9	151	
6/23/2013	21.0	3.0	13.7	240	
6/24/2013	22.0	4.0	15.9	293	
6/25/2013	23.0	4.0	15.5	267	
6/26/2013	22.0	3.0	15.8	293	
6/27/2013	24.0	3.0	15.4	236	
6/28/2013	24.0	5.0	17.4	227	
6/29/2013	24.0	5.0	14.8	209	
6/30/2013	24.0	5.0	16.3	218	
7/1/2013	24.0	6.0	16.8	231	
7/2/2013	24.0	5.0	17.4	236	
7/3/2013	23.0	6.0	16.9	302	
7/4/2013	21.0	6.0	16.4	338	
7/5/2013	21.0	1.0	13.5	396	
7/6/2013	22.0	2.0	13.3	347	
7/7/2013	24.0	3.0	15.1	280	
7/8/2013	25.0	5.0	17.0	249	
7/9/2013	24.0	7.0	18.4	129	
7/10/2013	23.0	7.0	17.4	111	
7/11/2013	21.0	8.0	16.6	249	
7/12/2013	21.0	6.0	14.9	249	
7/13/2013	20.0	4.0	11.8	133	
7/14/2013	20.0	3.0	12.0	276	
7/15/2013	22.0	2.0	14.3	231	
7/16/2013	22.0	4.0	15.5	231	
7/17/2013	24.0	3.0	16.7	280	
7/18/2013	24.0	4.0	16.4	258	
7/19/2013	23.0	4.0	14.7	267	
7/20/2013	20.0	4.0	12.3	267	
7/21/2013	19.0	0	11.4	329	
7/22/2013	20.0	5.0	13.8	400	
7/23/2013	21.0	4.0	15.5	267	
7/24/2013	22.0	3.0	15.7	244	
7/25/2013	23.0	6.0	17.4	333	
7/26/2013	23.0	6.0	16.3	249	
7/27/2013	23.0	3.0	14.9	307	
7/28/2013	23.0	4.0	15.7	342	
7/29/2013	18.0	4.0	12.8	249	
7/30/2013	20.0	0	12.3	240	
7/31/2013	22.0	10.0	16.4	218	
8/1/2013	22.0	10.0	16.3	178	
8/2/2013	20.0	9.0	16.6	302	
8/3/2013	21.0	6.0	13.9	204	
8/4/2013	21.0	4.0	14.0	147	
8/5/2013	23.0	6.0	15.4	178	
8/6/2013	23.0	5.0	17.9	400	
8/7/2013	22.0	6.0	15.9	347	
8/8/2013	20.0	5.0	12.3	351	
8/9/2013	21.0	1.0	12.5	218	
8/10/2013	23.0	6.0	14.6	369	
8/11/2013	21.0	12.0	16.4	538	
8/12/2013	23.0	0	14.7	293	
8/13/2013	25.0	1.0	15.3	298	
8/14/2013	23.0	1.0	16.4	200	
8/15/2013	10.0	2.0	4.4	89	
8/16/2013	25.0	4.0	16.9	196	
8/17/2013	26.0	4.0	16.4	298	
8/18/2013	27.0	3.0	17.2	218	
8/19/2013	26.0	5.0	15.8	333	
8/20/2013	27.0	6.0	19.1	244	
8/21/2013	27.0	6.0	14.7	227	
8/22/2013	25.0	8.0	17.6	293	
8/23/2013	25.0	4.0	14.4	280	
8/24/2013	25.0	3.0	17.8	227	
8/25/2013	28.0	5.0	18.7	360	
8/26/2013	27.0	10.0	19.8	271	
8/27/2013	27.0	11.0	21.4	231	
8/28/2013	27.0	8.0	21.1	418	
8/29/2013	24.0	6.0	15.0	302	
8/30/2013	20.0	4.0	12.6	280	
8/31/2013	22.0	2.0	11.4	240	
9/1/2013	23.0	1.0	13.9	204	
9/2/2013	25.0	8.0	17.4	316	
9/3/2013	27.0	6.0	18.0	218	
9/4/2013	27.0	9.0	18.6	276	
9/5/2013	27.0	14.0	19.9	333	
9/6/2013	29.0	15.0	23.2	249	
9/7/2013	29.0	13.0	23.1	347	
9/8/2013	29.0	11.0	22.3	258	
9/9/2013	30.0	12.0	20.6	200	
9/10/2013	31.0	15.0	23.6	151	
9/11/2013	27.0	15.0	20.9	378	
9/12/2013	29.0	11.0	21.6	258	
9/13/2013	27.0	10.0	18.4	227	
9/14/2013	26.0	7.0	17.8	231	
9/15/2013	27.0	5.0	19.3	147	
9/16/2013	30.0	7.0	20.4	276	
9/17/2013	32.0	17.0	26.8	342	
9/18/2013	32.0	15.0	26.5	320	
9/19/2013	27.0	12.0	20.8	289	
9/20/2013	20.0	3.0	14.4	382	
9/21/2013	16.0	3.0	8.2	653	
9/22/2013	25.0	1.0	13.4	307	
9/23/2013	30.0	8.0	21.0	244	
9/24/2013	30.0	18.0	25.8	507	
9/25/2013	18.0	16.0	17.4	676	
9/26/2013	18.0	16.0	14.0	480	
9/27/2013	18.0	16.0	14.0	480	
9/28/2013	18.0	16.0	14.0	480	
9/29/2013	18.0	16.0	14.0	480	
9/30/2013	30.0	13.0	22.9	244	
10/1/2013	29.0	16.0	23.6	267	
10/2/2013	30.0	15.0	25.0	276	
10/3/2013	30.0	12.0	22.2	191	
10/4/2013	30.0	10.0	24.8	147	
10/5/2013	31.0	19.0	25.9	187	
10/6/2013	30.0	19.0	25.1	462	
10/7/2013	31.0	18.0	27.8	271	
10/8/2013	32.0	21.0	25.9	271	
10/9/2013	31.0	22.0	25.8	387	
10/10/2013	29.0	25.0	27.8	280	
10/11/2013	31.0	18.0	27.6	169	
10/12/2013	29.0	20.0	24.3	409	
10/13/2013	30.0	15.0	22.9	351	
10/14/2013	33.0	14.0	25.3	253	
10/15/2013	33.0	17.0	27.9	289	
10/16/2013	31.0	22.0	27.3	276	
10/17/2013	32.0	16.0	24.2	289	
10/18/2013	32.0	27.0	30.0	329	
10/19/2013	26.0	20.0	23.5	227	
10/20/2013	28.0	16.0	21.9	240	
10/21/2013	26.0	11.0	20.4	373	
10/22/2013	27.0	10.0	20.9	373	
10/23/2013	29.0	12.0	23.4	387	
10/24/2013	29.0	10.0	23.2	493	
10/25/2013	30.0	7.0	23.2	382	
10/26/2013	31.0	12.0	21.0	222	
10/27/2013	33.0	15.0	27.1	244	
10/28/2013	32.0	20.0	27.3	462	
10/29/2013	33.0	14.0	25.2	360	
10/30/2013	30.0	12.0	25.3	373	
10/31/2013	27.0	7.0	19.7	276	
11/1/2013	27.0	12.0	20.2	356	
11/2/2013	27.0	13.0	18.9	293	
11/3/2013	30.0	22.0	26.8	231	
11/4/2013	32.0	16.0	27.2	316	
11/5/2013	30.0	19.0	23.5	280	
11/6/2013	31.0	15.0	26.4	338	
11/7/2013	30.0	15.0	23.9	311	
11/8/2013	30.0	17.0	26.0	422	
11/9/2013	32.0	14.0	25.4	236	
11/10/2013	34.0	20.0	28.3	253	
11/11/2013	34.0	22.0	28.8	440	
11/12/2013	34.0	22.0	28.8	440	
11/13/2013	33.0	25.0	29.0	222	
11/14/2013	29.0	21.0	25.8	236	
11/15/2013	28.0	16.0	24.4	413	
11/16/2013	29.0	6.0	20.2	271	
11/17/2013	31.0	15.0	24.0	311	
11/18/2013	31.0	16.0	25.6	285	
11/19/2013	30.0	18.0	24.0	267	
11/20/2013	30.0	16.0	25.8	324	
11/21/2013	31.0	16.0	22.2	311	
11/22/2013	32.0	18.0	24.1	311	
11/23/2013	30.0	18.0	23.7	151	
11/24/2013	31.0	16.0	24.3	280	
11/25/2013	28.0	23.0	25.4	418	
11/26/2013	28.0	20.0	24.8	267	
11/27/2013	32.0	20.0	25.9	578	
11/28/2013	31.0	21.0	27.3	400	
11/29/2013	33.0	16.0	25.1	222	
11/30/2013	29.0	20.0	25.3	356	
12/1/2013	24.0	16.0	20.2	382	
12/2/2013	27.0	17.0	21.4	204	
12/3/2013	29.0	14.0	22.2	324	
12/4/2013	31.0	18.0	24.0	382	
12/5/2013	29.0	17.0	23.8	156	
12/6/2013	28.0	16.0	22.0	80	
12/7/2013	25.0	16.0	19.0	133	
12/8/2013	21.0	16.0	19.0	285	
12/9/2013	24.0	18.0	20.6	302	
12/10/2013	24.0	18.0	20.6	302	
12/11/2013	24.0	18.0	20.6	302	
12/12/2013	24.0	18.0	20.6	302	
12/13/2013	24.0	18.0	20.6	302	
12/14/2013	24.0	18.0	20.6	302	
12/15/2013	24.0	18.0	20.6	302	
12/16/2013	24.0	18.0	20.6	302	
12/17/2013	32.0	18.0	25.5	356	
12/18/2013	31.0	20.0	26.0	280	
12/19/2013	26.0	23.0	24.3	369	
12/20/2013	27.0	19.0	23.7	369	
12/21/2013	27.0	19.0	23.7	369	
12/22/2013	27.0	19.0	23.7	369	
12/23/2013	27.0	19.0	23.7	369	
12/24/2013	22.0	17.0	19.0	27	
12/25/2013	28.0	18.0	24.1	404	
12/26/2013	29.0	20.0	26.8	467	
12/27/2013	30.0	14.0	23.7	187	
12/28/2013	30.0	19.0	23.1	604	
12/29/2013	28.0	20.0	26.0	324	
12/30/2013	30.0	19.0	25.8	329	
12/31/2013	30.0	15.0	24.7	289	
1/1/2014	29.0	19.0	24.7	173	
1/2/2014	30.0	15.0	24.2	324	
1/3/2014	31.0	19.0	26.6	347	
1/4/2014	31.0	19.0	26.6	347	
1/5/2014	25.0	15.0	21.0	413	
1/6/2014	21.0	5.0	13.6	342	
1/7/2014	19.0	5.0	11.4	222	
1/8/2014	24.0	7.0	16.5	271	
1/9/2014	27.0	8.0	18.6	240	
1/10/2014	30.0	14.0	23.4	209	
1/11/2014	31.0	18.0	24.6	333	
1/12/2014	31.0	18.0	24.6	333	
1/13/2014	31.0	18.0	26.2	173	
1/14/2014	30.0	18.0	24.6	289	
1/15/2014	28.0	17.0	21.0	187	
1/16/2014	29.0	17.0	23.3	169	
1/17/2014	28.0	21.0	24.1	253	
1/18/2014	29.0	19.0	24.8	373	
1/19/2014	29.0	19.0	25.0	253	
1/20/2014	32.0	17.0	25.7	320	
1/21/2014	31.0	28.0	29.5	320	
1/22/2014	27.0	20.0	24.3	347	
1/23/2014	27.0	20.0	24.3	347	
1/24/2014	29.0	21.0	25.0	222	
1/25/2014	30.0	21.0	25.4	418	
1/26/2014	31.0	20.0	27.2	365	
1/27/2014	25.0	18.0	21.4	169	
1/28/2014	26.0	17.0	22.0	267	
1/29/2014	25.0	18.0	21.2	311	
1/30/2014	27.0	19.0	23.2	418	
1/31/2014	27.0	20.0	24.5	311	
2/1/2014	27.0	20.0	24.5	311	
2/2/2014	24.0	18.0	21.2	440	
2/3/2014	24.0	19.0	20.8	320	
2/4/2014	22.0	18.0	19.8	89	
2/5/2014	25.0	15.0	19.9	365	
2/6/2014	25.0	15.0	19.9	365	
2/7/2014	26.0	17.0	21.2	302	
2/8/2014	26.0	17.0	21.2	302	
2/9/2014	27.0	23.0	25.2	609	
2/10/2014	24.0	19.0	21.4	471	
2/11/2014	26.0	18.0	22.3	378	
2/12/2014	24.0	18.0	21.5	333	
2/13/2014	27.0	15.0	22.8	276	
2/14/2014	28.0	17.0	23.9	347	
2/15/2014	26.0	17.0	22.0	182	
2/16/2014	27.0	14.0	22.7	227	
2/17/2014	27.0	14.0	22.7	227	
2/18/2014	27.0	14.0	22.7	227	
2/19/2014	23.0	19.0	20.6	204	
2/20/2014	28.0	13.0	24.2	302	
2/21/2014	28.0	17.0	23.9	329	
2/22/2014	32.0	17.0	21.8	298	
2/23/2014	26.0	17.0	21.2	271	
2/24/2014	25.0	19.0	21.3	178	
2/25/2014	24.0	17.0	20.8	258	
2/26/2014	24.0	17.0	19.9	289	
2/27/2014	25.0	17.0	19.1	209	
2/28/2014	22.0	17.0	19.1	262	
3/1/2014	24.0	15.0	19.3	400	
3/2/2014	25.0	16.0	19.3	213	
3/3/2014	25.0	16.0	21.2	164	
3/4/2014	27.0	8.0	19.8	116	
3/5/2014	24.0	14.0	21.0	244	
3/6/2014	28.0	16.0	22.0	76	
3/7/2014	27.0	20.0	24.4	338	
3/8/2014	27.0	15.0	22.2	98	
3/9/2014	28.0	14.0	21.6	320	
3/10/2014	27.0	13.0	18.0	133	
3/11/2014	25.0	13.0	20.2	324	
3/12/2014	28.0	12.0	19.6	71	
3/13/2014	25.0	15.0	19.4	267	
3/14/2014	26.0	13.0	19.3	178	
3/15/2014	22.0	16.0	18.3	209	
3/16/2014	21.0	17.0	18.9	253	
3/17/2014	24.0	15.0	18.3	151	
3/18/2014	28.0	16.0	21.8	147	
3/19/2014	29.0	14.0	24.5	209	
3/20/2014	29.0	11.0	22.4	71	
3/21/2014	29.0	14.0	22.6	218	
3/22/2014	26.0	14.0	20.8	169	
3/23/2014	22.0	15.0	18.6	267	
3/24/2014	18.0	16.0	17.0	178	
3/25/2014	25.0	17.0	20.9	249	
3/26/2014	26.0	11.0	19.7	187	
3/27/2014	26.0	12.0	20.2	262	
3/28/2014	26.0	10.0	19.6	227	
3/29/2014	27.0	10.0	20.1	182	
3/30/2014	26.0	15.0	19.3	360	
3/31/2014	25.0	13.0	20.1	182	
4/1/2014	26.0	10.0	19.7	200	
4/2/2014	25.0	8.0	20.1	320	
4/3/2014	25.0	13.0	20.9	138	
4/4/2014	27.0	9.0	20.3	173	
4/5/2014	26.0	13.0	20.0	213	
4/6/2014	23.0	18.0	21.7	342	
4/7/2014	25.0	18.0	21.4	267	
4/8/2014	25.0	11.0	19.4	173	
4/9/2014	23.0	13.0	18.6	236	
4/10/2014	21.0	8.0	16.3	316	
4/11/2014	22.0	9.0	15.4	418	
4/12/2014	18.0	12.0	14.5	547	
4/13/2014	22.0	11.0	16.8	351	
4/14/2014	22.0	13.0	17.0	173	
4/15/2014	25.0	10.0	18.4	133	
4/16/2014	25.0	10.0	19.9	138	
4/17/2014	26.0	12.0	19.9	138	
4/18/2014	23.0	12.0	18.6	147	
4/19/2014	24.0	11.0	17.8	209	
4/20/2014	23.0	7.0	15.7	200	
4/21/2014	23.0	10.0	17.8	129	
4/22/2014	23.0	10.0	17.8	129	
4/23/2014	24.0	4.0	15.4	262	
4/24/2014	24.0	5.0	16.2	253	
4/25/2014	25.0	7.0	18.1	227	
4/26/2014	25.0	12.0	18.3	129	
4/27/2014	25.0	15.0	20.2	231	
4/28/2014	26.0	7.0	19.1	200	
4/29/2014	27.0	6.0	19.1	178	
4/30/2014	27.0	7.0	19.7	169	
5/1/2014	28.0	8.0	19.5	178	
5/2/2014	26.0	8.0	18.3	182	
5/3/2014	25.0	8.0	17.6	253	
5/4/2014	24.0	8.0	17.0	178	
5/5/2014	26.0	14.0	19.6	387	
5/6/2014	25.0	9.0	18.3	347	
5/7/2014	22.0	9.0	17.8	267	
5/8/2014	22.0	9.0	15.7	196	
5/9/2014	25.0	6.0	15.7	209	
5/10/2014	24.0	6.0	16.6	160	
5/11/2014	25.0	8.0	17.1	169	
5/12/2014	25.0	7.0	16.3	169	
5/13/2014	25.0	11.0	19.6	276	
5/14/2014	25.0	7.0	16.1	147	
5/15/2014	25.0	8.0	17.8	142	
5/16/2014	23.0	10.0	17.0	236	
5/17/2014	23.0	4.0	14.6	227	
5/18/2014	24.0	6.0	18.2	324	
5/19/2014	24.0	8.0	17.0	382	
5/20/2014	22.0	3.0	13.7	191	
5/21/2014	23.0	1.0	14.3	222	
5/22/2014	25.0	6.0	17.5	316	
5/23/2014	24.0	10.0	19.7	316	
5/24/2014	23.0	10.0	16.5	196	
5/25/2014	23.0	7.0	15.3	98	
5/26/2014	23.0	5.0	17.5	178	
5/27/2014	23.0	5.0	16.2	142	
5/28/2014	22.0	4.0	14.9	107	
5/29/2014	24.0	5.0	17.2	169	
5/30/2014	25.0	5.0	17.0	142	
5/31/2014	25.0	4.0	14.1	138	
6/1/2014	24.0	5.0	18.0	151	
6/2/2014	22.0	4.0	12.3	151	
6/3/2014	23.0	12.0	19.4	267	
6/4/2014	21.0	3.0	16.5	436	
6/5/2014	19.0	0	10.6	204	
6/6/2014	18.0	-3.0	9.4	231	
6/7/2014	22.0	-2.0	10.8	222	
6/8/2014	20.0	-2.0	9.0	204	
6/9/2014	19.0	0	12.0	298	
6/10/2014	17.0	6.0	11.4	436	
6/11/2014	20.0	11.0	16.6	280	
6/12/2014	20.0	5.0	12.4	267	
6/13/2014	19.0	5.0	11.9	222	
6/14/2014	22.0	4.0	16.3	258	
6/15/2014	22.0	2.0	12.7	280	
6/16/2014	23.0	3.0	15.6	262	
6/17/2014	23.0	3.0	15.2	244	
6/18/2014	23.0	4.0	14.8	236	
6/19/2014	19.0	9.0	14.1	427	
6/20/2014	19.0	6.0	12.4	289	
6/21/2014	19.0	3.0	10.2	422	
6/22/2014	19.0	11.0	15.1	413	
6/23/2014	21.0	10.0	16.1	365	
6/24/2014	21.0	5.0	14.8	258	
6/25/2014	20.0	6.0	13.8	213	
6/26/2014	22.0	3.0	14.4	156	
6/27/2014	22.0	9.0	15.4	324	
6/28/2014	23.0	5.0	16.2	271	
6/29/2014	23.0	6.0	16.4	209	
6/30/2014	23.0	6.0	16.6	267	
7/1/2014	22.0	4.0	14.6	222	
7/2/2014	22.0	6.0	16.1	333	
7/3/2014	22.0	5.0	15.1	258	
7/4/2014	21.0	3.0	15.4	462	
7/5/2014	18.0	-1.0	8.2	151	
7/6/2014	17.0	-1.0	8.6	231	
7/7/2014	19.0	-1.0	8.4	236	
7/8/2014	20.0	1.0	11.6	271	
7/9/2014	22.0	0	10.9	147	
7/10/2014	22.0	1.0	13.9	218	
7/11/2014	21.0	0	11.4	231	
7/12/2014	22.0	2.0	15.4	276	
7/13/2014	14.0	2.0	7.0	213	
7/14/2014	23.0	1.0	13.6	227	
7/15/2014	23.0	3.0	14.3	138	
7/16/2014	23.0	4.0	13.8	147	
7/17/2014	22.0	1.0	11.1	213	
7/18/2014	22.0	1.0	12.3	218	
7/19/2014	20.0	-2.0	10.7	182	
7/20/2014	22.0	2.0	14.7	240	
7/21/2014	23.0	4.0	17.4	173	
7/22/2014	24.0	2.0	14.9	160	
7/23/2014	25.0	4.0	16.6	156	
7/24/2014	25.0	5.0	18.3	289	
7/25/2014	21.0	2.0	12.8	258	
7/26/2014	18.0	0	8.4	316	
7/27/2014	18.0	-1.0	9.7	222	
7/28/2014	21.0	1.0	14.2	249	
7/29/2014	23.0	8.0	15.9	342	
7/30/2014	22.0	8.0	16.4	182	
7/31/2014	24.0	5.0	15.8	124	
8/1/2014	24.0	7.0	16.1	116	
8/2/2014	23.0	12.0	17.0	187	
8/3/2014	23.0	5.0	17.4	222	
8/4/2014	23.0	5.0	16.1	311	
8/5/2014	23.0	4.0	15.6	329	
8/6/2014	23.0	12.0	19.5	320	
8/7/2014	21.0	12.0	17.6	324	
8/8/2014	20.0	-2.0	12.0	302	
8/9/2014	24.0	-2.0	12.1	271	
8/10/2014	24.0	3.0	15.4	373	
8/11/2014	25.0	3.0	18.0	182	
8/12/2014	27.0	5.0	20.4	271	
8/13/2014	26.0	4.0	17.2	320	
8/14/2014	26.0	8.0	21.3	320	
8/15/2014	26.0	8.0	18.9	267	
8/16/2014	26.0	9.0	17.8	240	
8/17/2014	22.0	14.0	17.9	320	
8/18/2014	25.0	8.0	17.9	262	
