Date	Air Temp Max(ºC)	Air Temp Min(ºC)	Air Temp Avg(ºC)	WindSp (km/day)	
1/1/2006	29.0	18.0	24.6	684	
1/2/2006	32.0	14.0	22.8	440	
1/3/2006	30.0	14.0	19.8	467	
1/4/2006	26.0	1.0	16.6	818	
1/5/2006	24.0	-4.0	9.1	729	
1/6/2006	21.0	-8.0	8.2	311	
1/7/2006	23.0	-8.0	7.6	587	
1/8/2006	27.0	-8.0	15.9	929	
1/9/2006	24.0	-8.0	11.2	791	
1/10/2006	24.0	-8.0	-4.0	613	
1/11/2006	26.0	-8.0	14.8	689	
1/12/2006	26.0	-8.0	4.3	662	
1/13/2006	26.0	-8.0	3.7	502	
1/14/2006	26.0	-8.0	0.8	609	
1/15/2006	26.0	-4.0	12.3	720	
1/16/2006	26.0	-4.0	3.6	182	
1/17/2006	29.0	-4.0	16.4	582	
1/18/2006	21.0	-3.0	9.1	729	
1/19/2006	26.0	6.0	18.5	427	
1/20/2006	25.0	14.0	20.3	213	
1/21/2006	23.0	14.0	7.1	316	
1/22/2006	24.0	14.0	7.4	662	
1/23/2006	27.0	17.0	21.1	760	
1/24/2006	24.0	-1.0	14.8	578	
1/25/2006	26.0	-2.0	14.4	440	
1/26/2006	30.0	-2.0	16.4	338	
1/27/2006	30.0	-2.0	6.1	311	
1/28/2006	24.0	-2.0	10.5	631	
1/29/2006	25.0	12.0	18.7	911	
1/30/2006	25.0	12.0	14.6	747	
1/31/2006	25.0	12.0	5.0	391	
2/1/2006	25.0	12.0	9.4	338	
2/2/2006	30.0	12.0	14.7	458	
2/3/2006	30.0	12.0	5.7	476	
2/4/2006	26.0	12.0	11.7	636	
2/5/2006	26.0	-3.0	13.4	791	
2/6/2006	26.0	-3.0	3.0	302	
2/7/2006	23.0	-3.0	6.8	391	
2/8/2006	25.0	-3.0	10.8	822	
2/9/2006	27.0	4.0	15.2	680	
2/10/2006	29.0	4.0	15.4	271	
2/11/2006	26.0	4.0	9.6	222	
2/12/2006	26.0	4.0	2.6	369	
2/13/2006	26.0	-5.0	10.2	293	
2/14/2006	27.0	-5.0	13.8	476	
2/15/2006	28.0	16.0	22.6	556	
2/16/2006	28.0	12.0	20.3	453	
2/17/2006	33.0	12.0	18.2	316	
2/18/2006	26.0	12.0	12.4	382	
2/19/2006	26.0	12.0	8.3	396	
2/20/2006	26.0	12.0	13.2	680	
2/21/2006	26.0	0	14.8	684	
2/22/2006	26.0	2.0	15.0	587	
2/23/2006	24.0	14.0	19.1	378	
2/24/2006	9.0	-5.0	2.1	276	
2/25/2006	25.0	0	12.9	191	
2/26/2006	27.0	0	11.8	276	
2/27/2006	27.0	0	6.9	320	
2/28/2006	27.0	0	10.8	365	
3/1/2006	24.0	0	7.7	249	
3/2/2006	27.0	16.0	21.0	796	
3/3/2006	26.0	15.0	20.4	796	
3/4/2006	37.0	16.0	29.0	458	
3/5/2006	30.0	19.0	25.1	191	
3/6/2006	36.0	24.0	29.8	236	
3/7/2006	37.0	19.0	29.3	382	
3/8/2006	28.0	-2.0	14.6	591	
3/9/2006	27.0	12.0	18.6	676	
3/10/2006	26.0	10.0	18.6	622	
3/11/2006	26.0	14.0	19.6	720	
3/12/2006	27.0	14.0	20.3	987	
3/13/2006	32.0	12.0	21.9	338	
3/14/2006	26.0	12.0	19.1	76	
3/15/2006	26.0	12.0	1.2	236	
3/16/2006	27.0	12.0	12.3	653	
3/17/2006	25.0	-1.0	15.3	671	
3/18/2006	25.0	-1.0	5.3	560	
3/19/2006	24.0	-1.0	10.8	667	
3/20/2006	24.0	11.0	17.6	729	
3/21/2006	25.0	12.0	17.3	871	
3/22/2006	29.0	5.0	19.6	578	
3/23/2006	32.0	16.0	25.1	253	
3/24/2006	38.0	18.0	28.3	249	
3/25/2006	30.0	15.0	19.9	324	
3/26/2006	30.0	14.0	20.2	636	
3/27/2006	27.0	15.0	19.2	978	
3/28/2006	22.0	11.0	16.3	276	
3/29/2006	18.0	12.0	14.6	351	
3/30/2006	20.0	12.0	15.2	253	
3/31/2006	24.0	12.0	18.0	231	
4/1/2006	29.0	16.0	23.7	213	
4/2/2006	37.0	23.0	26.7	258	
4/3/2006	25.0	19.0	21.6	293	
4/4/2006	31.0	16.0	21.4	365	
4/5/2006	31.0	15.0	19.8	289	
4/6/2006	24.0	14.0	18.6	409	
4/7/2006	27.0	15.0	19.4	893	
4/8/2006	24.0	12.0	17.9	684	
4/9/2006	23.0	12.0	16.6	413	
4/10/2006	21.0	11.0	15.1	382	
4/11/2006	23.0	10.0	15.5	324	
4/12/2006	25.0	9.0	14.2	249	
4/13/2006	22.0	11.0	15.3	351	
4/14/2006	27.0	12.0	18.9	418	
4/15/2006	31.0	15.0	22.3	365	
4/16/2006	24.0	15.0	19.4	449	
4/17/2006	24.0	15.0	19.4	449	
4/18/2006	24.0	15.0	19.4	449	
4/19/2006	24.0	15.0	19.4	449	
4/20/2006	23.0	18.0	20.5	591	
4/21/2006	20.0	15.0	17.0	587	
4/22/2006	17.0	12.0	14.8	524	
4/23/2006	21.0	11.0	14.6	618	
4/24/2006	23.0	11.0	16.8	373	
4/25/2006	28.0	13.0	20.8	276	
4/26/2006	37.0	22.0	28.3	413	
4/27/2006	37.0	22.0	29.2	462	
4/28/2006	37.0	21.0	28.5	373	
4/29/2006	35.0	17.0	25.8	360	
4/30/2006	25.0	13.0	17.9	565	
5/1/2006	19.0	11.0	14.8	253	
5/2/2006	20.0	13.0	16.3	262	
5/3/2006	22.0	13.0	16.5	391	
5/4/2006	20.0	11.0	14.6	351	
5/5/2006	18.0	14.0	15.6	160	
5/6/2006	22.0	14.0	16.7	449	
5/7/2006	28.0	12.0	19.4	333	
5/8/2006	34.0	20.0	25.7	378	
5/9/2006	34.0	19.0	25.1	298	
5/10/2006	34.0	17.0	24.7	204	
5/11/2006	33.0	18.0	24.0	222	
5/12/2006	27.0	15.0	19.3	191	
5/13/2006	18.0	14.0	15.8	276	
5/14/2006	21.0	13.0	15.4	204	
5/15/2006	19.0	11.0	13.9	129	
5/16/2006	19.0	12.0	14.3	138	
5/17/2006	20.0	10.0	14.9	218	
5/18/2006	18.0	15.0	16.1	524	
5/19/2006	17.0	14.0	15.5	413	
5/20/2006	17.0	12.0	14.5	551	
5/21/2006	19.0	10.0	13.6	645	
5/22/2006	20.0	10.0	14.4	373	
5/23/2006	23.0	11.0	15.6	653	
5/24/2006	27.0	17.0	19.8	560	
5/25/2006	29.0	14.0	21.2	409	
5/26/2006	21.0	11.0	15.7	253	
5/27/2006	21.0	9.0	14.3	396	
5/28/2006	20.0	11.0	15.2	342	
5/29/2006	23.0	10.0	14.9	222	
5/30/2006	29.0	10.0	19.5	142	
5/31/2006	26.0	14.0	19.6	102	
6/1/2006	23.0	10.0	14.3	320	
6/2/2006	23.0	12.0	16.6	658	
6/3/2006	32.0	10.0	19.7	280	
6/4/2006	34.0	20.0	24.9	449	
6/5/2006	33.0	19.0	25.7	573	
6/6/2006	34.0	18.0	24.4	480	
6/7/2006	32.0	18.0	23.2	431	
6/8/2006	27.0	14.0	20.7	240	
6/9/2006	30.0	11.0	18.0	111	
6/10/2006	17.0	10.0	14.1	182	
6/11/2006	18.0	10.0	13.7	427	
6/12/2006	17.0	11.0	14.7	658	
6/13/2006	18.0	12.0	15.6	244	
6/14/2006	21.0	11.0	15.5	449	
6/15/2006	27.0	16.0	20.8	307	
6/16/2006	18.0	10.0	12.9	111	
6/17/2006	18.0	9.0	12.6	307	
6/18/2006	21.0	9.0	15.9	258	
6/19/2006	34.0	14.0	23.4	240	
6/20/2006	34.0	18.0	24.3	293	
6/21/2006	19.0	12.0	16.1	476	
6/22/2006	21.0	13.0	15.8	778	
6/23/2006	27.0	14.0	21.1	587	
6/24/2006	30.0	18.0	22.6	591	
6/25/2006	30.0	11.0	21.3	542	
6/26/2006	17.0	10.0	13.9	480	
6/27/2006	18.0	11.0	14.1	338	
6/28/2006	22.0	11.0	15.1	582	
6/29/2006	27.0	12.0	19.8	547	
6/30/2006	30.0	16.0	21.8	627	
7/1/2006	27.0	17.0	21.4	378	
7/2/2006	23.0	10.0	14.8	231	
7/3/2006	24.0	8.0	15.4	231	
7/4/2006	28.0	13.0	20.4	120	
7/5/2006	17.0	8.0	11.6	151	
7/6/2006	19.0	9.0	13.9	498	
7/7/2006	25.0	10.0	18.2	338	
7/8/2006	32.0	14.0	23.1	467	
7/9/2006	21.0	10.0	14.1	182	
7/10/2006	30.0	12.0	19.9	173	
7/11/2006	23.0	10.0	14.9	182	
7/12/2006	17.0	10.0	12.9	365	
7/13/2006	16.0	10.0	12.7	258	
7/14/2006	19.0	10.0	13.2	618	
7/15/2006	21.0	10.0	13.9	716	
7/16/2006	20.0	10.0	13.9	369	
7/17/2006	16.0	8.0	11.1	147	
7/18/2006	15.0	9.0	11.3	218	
7/19/2006	18.0	7.0	11.6	249	
7/20/2006	16.0	9.0	12.2	156	
7/21/2006	17.0	9.0	13.1	436	
7/22/2006	19.0	10.0	13.3	702	
7/23/2006	20.0	8.0	12.7	302	
7/24/2006	13.0	7.0	10.1	307	
7/25/2006	19.0	6.0	11.2	298	
7/26/2006	16.0	6.0	10.8	342	
7/27/2006	19.0	7.0	12.3	311	
7/28/2006	22.0	9.0	14.7	142	
7/29/2006	22.0	7.0	12.3	196	
7/30/2006	20.0	7.0	12.4	298	
7/31/2006	18.0	7.0	11.6	453	
8/1/2006	16.0	8.0	11.4	378	
8/2/2006	18.0	7.0	12.1	560	
8/3/2006	19.0	10.0	13.3	640	
8/4/2006	23.0	9.0	14.8	453	
8/5/2006	25.0	9.0	14.8	280	
8/6/2006	18.0	7.0	11.4	222	
8/7/2006	16.0	7.0	10.6	333	
8/8/2006	21.0	10.0	14.1	565	
8/9/2006	26.0	7.0	16.6	191	
8/10/2006	19.0	9.0	12.7	293	
8/11/2006	20.0	9.0	13.9	227	
8/12/2006	20.0	9.0	14.1	404	
8/13/2006	18.0	7.0	11.9	173	
8/14/2006	17.0	8.0	12.6	249	
8/15/2006	20.0	7.0	12.2	622	
8/16/2006	23.0	8.0	13.7	360	
8/17/2006	27.0	8.0	15.9	258	
8/18/2006	25.0	7.0	13.3	360	
8/19/2006	20.0	6.0	12.7	271	
8/20/2006	16.0	6.0	10.6	191	
8/21/2006	16.0	11.0	13.1	280	
8/22/2006	17.0	10.0	14.3	276	
8/23/2006	18.0	11.0	14.1	493	
8/24/2006	21.0	12.0	15.2	565	
8/25/2006	25.0	12.0	16.7	440	
8/26/2006	27.0	11.0	16.6	382	
8/27/2006	21.0	10.0	13.4	396	
8/28/2006	19.0	10.0	13.7	684	
8/29/2006	21.0	11.0	14.4	956	
8/30/2006	27.0	8.0	18.9	547	
8/31/2006	29.0	17.0	23.4	533	
9/1/2006	35.0	20.0	26.3	449	
9/2/2006	22.0	14.0	18.8	191	
9/3/2006	20.0	12.0	15.2	151	
9/4/2006	22.0	10.0	15.1	173	
9/5/2006	17.0	9.0	12.5	213	
9/6/2006	17.0	9.0	12.5	213	
9/7/2006	17.0	9.0	12.5	213	
9/8/2006	17.0	13.0	14.6	422	
9/9/2006	23.0	13.0	18.0	409	
9/10/2006	23.0	14.0	18.1	778	
9/11/2006	25.0	14.0	18.3	916	
9/12/2006	21.0	12.0	14.9	729	
9/13/2006	20.0	11.0	14.8	760	
9/14/2006	19.0	9.0	13.6	498	
9/15/2006	19.0	10.0	14.2	645	
9/16/2006	21.0	9.0	13.7	565	
9/17/2006	23.0	11.0	15.3	613	
9/18/2006	24.0	10.0	16.6	498	
9/19/2006	27.0	11.0	18.7	733	
9/20/2006	26.0	10.0	16.9	582	
9/21/2006	37.0	15.0	26.8	422	
9/22/2006	29.0	12.0	19.8	404	
9/23/2006	22.0	10.0	14.6	547	
9/24/2006	19.0	9.0	13.2	360	
9/25/2006	22.0	10.0	16.1	822	
9/26/2006	32.0	12.0	21.0	307	
9/27/2006	16.0	9.0	12.1	289	
9/28/2006	15.0	11.0	12.5	236	
9/29/2006	20.0	12.0	14.3	236	
9/30/2006	18.0	10.0	13.8	276	
10/1/2006	20.0	12.0	15.4	645	
10/2/2006	20.0	10.0	14.1	764	
10/3/2006	22.0	9.0	14.8	751	
10/4/2006	28.0	12.0	18.8	427	
10/5/2006	28.0	12.0	17.0	373	
10/6/2006	18.0	10.0	13.4	258	
10/7/2006	17.0	12.0	14.2	436	
10/8/2006	20.0	13.0	15.8	645	
10/9/2006	27.0	10.0	17.4	809	
10/10/2006	27.0	10.0	17.4	809	
10/11/2006	33.0	12.0	21.1	382	
10/12/2006	23.0	11.0	15.1	240	
10/13/2006	21.0	11.0	14.4	351	
10/14/2006	21.0	12.0	14.6	285	
10/15/2006	25.0	12.0	16.9	533	
10/16/2006	22.0	12.0	16.8	573	
10/17/2006	23.0	12.0	17.2	805	
10/18/2006	24.0	11.0	16.1	271	
10/19/2006	21.0	12.0	14.8	253	
10/20/2006	23.0	12.0	16.6	471	
10/21/2006	28.0	13.0	18.5	573	
10/22/2006	27.0	11.0	18.7	462	
10/23/2006	30.0	12.0	24.2	680	
10/24/2006	25.0	12.0	17.9	653	
10/25/2006	22.0	15.0	18.3	845	
10/26/2006	26.0	14.0	18.9	845	
10/27/2006	23.0	12.0	16.7	316	
10/28/2006	22.0	12.0	15.9	360	
10/29/2006	24.0	13.0	17.1	578	
10/30/2006	21.0	12.0	16.2	622	
10/31/2006	22.0	13.0	15.9	653	
11/1/2006	20.0	12.0	16.0	671	
11/2/2006	20.0	11.0	15.6	484	
11/3/2006	22.0	11.0	16.5	653	
11/4/2006	23.0	11.0	17.1	778	
11/5/2006	30.0	14.0	21.2	596	
11/6/2006	42.0	26.0	33.3	702	
11/7/2006	33.0	20.0	24.9	280	
11/8/2006	26.0	12.0	16.7	285	
11/9/2006	26.0	12.0	18.2	218	
11/10/2006	34.0	11.0	21.2	280	
11/11/2006	29.0	14.0	19.1	489	
11/12/2006	23.0	13.0	17.4	684	
11/13/2006	24.0	14.0	18.4	542	
11/14/2006	22.0	13.0	17.9	302	
11/15/2006	24.0	15.0	18.5	725	
11/16/2006	22.0	14.0	17.7	978	
11/17/2006	23.0	14.0	18.9	1053	
11/18/2006	23.0	14.0	17.9	742	
11/19/2006	23.0	14.0	17.8	298	
11/20/2006	24.0	15.0	19.3	756	
11/21/2006	26.0	16.0	20.1	796	
11/22/2006	24.0	14.0	19.1	773	
11/23/2006	26.0	13.0	19.1	778	
11/24/2006	25.0	16.0	20.9	951	
11/25/2006	26.0	14.0	21.0	853	
11/26/2006	23.0	13.0	18.3	716	
11/27/2006	25.0	15.0	19.8	831	
11/28/2006	34.0	15.0	23.1	533	
11/29/2006	34.0	15.0	23.1	533	
11/30/2006	34.0	15.0	23.1	533	
12/1/2006	34.0	15.0	23.1	533	
12/2/2006	34.0	15.0	23.1	533	
12/3/2006	23.0	18.0	20.0	756	
12/4/2006	28.0	14.0	19.8	800	
12/5/2006	22.0	13.0	17.0	293	
12/6/2006	22.0	13.0	17.5	365	
12/7/2006	25.0	15.0	19.7	662	
12/8/2006	26.0	16.0	20.7	956	
12/9/2006	24.0	14.0	18.8	1027	
12/10/2006	25.0	16.0	20.9	951	
12/11/2006	36.0	16.0	27.6	622	
12/12/2006	26.0	13.0	17.8	431	
12/13/2006	27.0	13.0	17.6	400	
12/14/2006	22.0	14.0	17.1	547	
6/18/2008	12.0	7.0	9.1	320	
6/19/2008	17.0	9.0	11.6	178	
6/20/2008	19.0	7.0	14.3	240	
6/21/2008	20.0	10.0	13.7	382	
6/22/2008	23.0	9.0	14.3	293	
6/23/2008	14.0	7.0	10.4	187	
6/24/2008	14.0	7.0	10.4	187	
6/25/2008	14.0	7.0	10.4	187	
6/26/2008	17.0	9.0	12.0	356	
6/27/2008	17.0	9.0	12.0	356	
6/28/2008	17.0	9.0	12.0	356	
6/29/2008	23.0	12.0	17.1	209	
6/30/2008	30.0	13.0	21.7	151	
7/1/2008	22.0	11.0	16.3	293	
7/2/2008	12.0	11.0	11.5	311	
7/3/2008					
7/4/2008					
7/5/2008					
7/6/2008					
7/7/2008					
7/8/2008					
7/9/2008					
7/10/2008					
7/11/2008					
7/12/2008					
7/13/2008					
7/14/2008					
7/15/2008	16.0	12.0	14.2	347	
7/16/2008	13.0	11.0	12.3	382	
7/17/2008	13.0	11.0	12.3	382	
7/18/2008	22.0	6.0	13.3	298	
7/19/2008	13.0	2.0	7.7	253	
7/20/2008	20.0	2.0	10.1	124	
7/21/2008	18.0	1.0	9.7	258	
7/22/2008	23.0	6.0	12.7	249	
7/23/2008	26.0	8.0	15.0	285	
7/24/2008	26.0	8.0	15.0	285	
7/25/2008	16.0	0	10.4	320	
7/26/2008	16.0	8.0	10.6	249	
7/27/2008	19.0	7.0	10.5	276	
7/28/2008	24.0	13.0	18.3	204	
7/29/2008	21.0	9.0	12.6	173	
7/30/2008	18.0	8.0	13.3	360	
7/31/2008	18.0	8.0	13.6	556	
8/1/2008	18.0	12.0	15.1	693	
8/2/2008	21.0	11.0	15.4	493	
8/3/2008	21.0	11.0	15.4	493	
8/4/2008	21.0	11.0	15.4	493	
8/5/2008	21.0	11.0	15.4	493	
8/6/2008	21.0	11.0	15.4	493	
8/7/2008	21.0	11.0	15.4	493	
8/8/2008	21.0	11.0	15.4	493	
8/9/2008	21.0	11.0	15.4	493	
8/10/2008	21.0	11.0	15.4	493	
8/11/2008	26.0	11.0	16.8	147	
8/12/2008	25.0	9.0	15.8	342	
8/13/2008	14.0	9.0	11.5	227	
3/11/2009	21.0	17.0	19.0	285	
3/12/2009	21.0	16.0	18.1	240	
3/13/2009	26.0	16.0	20.3	404	
3/14/2009	31.0	17.0	22.9	236	
3/15/2009	29.0	16.0	21.0	178	
3/16/2009	26.0	16.0	21.0	773	
3/17/2009	22.0	14.0	17.5	978	
3/18/2009	21.0	11.0	16.3	827	
3/19/2009	22.0	12.0	16.9	778	
3/20/2009	25.0	11.0	17.9	369	
3/21/2009	17.0	12.0	13.8	373	
3/22/2009	20.0	13.0	15.9	240	
3/23/2009	27.0	11.0	17.6	356	
3/24/2009	28.0	12.0	17.9	400	
3/25/2009	26.0	11.0	17.6	324	
3/26/2009	25.0	11.0	17.8	236	
3/27/2009	22.0	10.0	15.8	253	
3/28/2009	28.0	16.0	21.5	449	
3/29/2009	34.0	14.0	24.3	302	
3/30/2009	34.0	15.0	21.5	276	
3/31/2009	26.0	14.0	20.6	645	
4/1/2009	24.0	12.0	17.4	445	
4/2/2009	26.0	12.0	19.2	280	
4/3/2009	35.0	19.0	24.1	285	
4/4/2009	36.0	20.0	28.2	253	
4/5/2009	30.0	16.0	21.7	458	
4/6/2009	27.0	15.0	22.3	609	
4/7/2009	40.0	16.0	27.8	276	
4/8/2009	26.0	15.0	20.4	360	
4/9/2009	26.0	15.0	20.4	360	
4/10/2009	28.0	13.0	21.9	498	
4/11/2009	34.0	18.0	27.1	409	
4/12/2009	31.0	19.0	24.4	320	
4/13/2009	33.0	18.0	25.7	178	
4/14/2009	34.0	16.0	24.1	169	
4/15/2009	27.0	16.0	20.2	129	
4/16/2009	27.0	16.0	20.2	129	
4/17/2009	27.0	16.0	20.2	129	
4/18/2009	27.0	16.0	20.2	129	
4/19/2009	27.0	16.0	20.2	129	
4/20/2009	27.0	16.0	20.2	129	
4/21/2009	27.0	16.0	20.2	129	
4/22/2009	27.0	16.0	20.2	129	
4/23/2009	20.0	16.0	17.6	422	
4/24/2009	19.0	14.0	16.8	285	
4/25/2009	23.0	13.0	17.6	365	
4/26/2009	29.0	12.0	20.6	169	
4/27/2009	32.0	13.0	20.9	142	
4/28/2009	21.0	13.0	17.2	569	
4/29/2009	22.0	15.0	17.6	302	
4/30/2009	22.0	15.0	18.2	618	
5/1/2009	23.0	13.0	17.3	596	
5/2/2009	20.0	12.0	15.5	480	
5/3/2009	19.0	8.0	13.6	209	
5/4/2009	17.0	10.0	12.6	138	
5/5/2009	20.0	9.0	12.9	160	
5/6/2009	22.0	10.0	14.6	373	
5/7/2009	24.0	11.0	17.0	573	
5/8/2009	24.0	12.0	17.4	471	
5/9/2009	33.0	13.0	20.9	236	
5/10/2009	15.0	10.0	12.4	316	
5/11/2009	16.0	11.0	12.4	244	
5/12/2009	20.0	9.0	14.6	156	
5/13/2009	20.0	11.0	16.1	196	
5/14/2009	21.0	10.0	15.2	236	
5/15/2009	22.0	11.0	15.9	267	
5/16/2009	21.0	10.0	15.1	302	
5/17/2009	21.0	13.0	16.4	9	
5/18/2009	24.0	10.0	16.6	9	
5/19/2009	28.0	11.0	19.9	9	
5/20/2009	36.0	18.0	25.3	9	
5/21/2009	23.0	14.0	17.4	9	
5/22/2009	24.0	11.0	17.4	9	
5/23/2009	22.0	15.0	17.9	9	
5/24/2009	22.0	12.0	16.2	9	
5/25/2009	24.0	10.0	16.0	231	
5/26/2009	28.0	10.0	17.8	164	
5/27/2009	17.0	14.0	15.6	249	
5/28/2009	20.0	13.0	15.9	293	
5/29/2009	18.0	12.0	14.4	400	
5/30/2009	19.0	10.0	13.9	671	
5/31/2009	21.0	7.0	13.4	253	
6/1/2009	20.0	9.0	13.4	200	
6/2/2009	20.0	9.0	13.3	280	
6/3/2009	21.0	8.0	13.6	271	
6/4/2009	11.0	8.0	9.5	138	
6/5/2009	11.0	8.0	9.5	138	
6/6/2009	13.0	12.0	12.4	347	
6/7/2009	21.0	15.0	17.6	756	
6/8/2009	19.0	13.0	14.9	396	
6/9/2009	19.0	13.0	14.9	396	
6/10/2009	27.0	16.0	21.8	333	
6/11/2009	17.0	9.0	12.8	160	
6/12/2009	15.0	9.0	11.7	347	
6/13/2009	18.0	11.0	15.1	467	
6/14/2009	22.0	9.0	14.5	280	
6/15/2009	19.0	11.0	13.6	124	
6/16/2009	19.0	11.0	13.6	124	
6/17/2009	19.0	11.0	13.6	124	
6/18/2009	19.0	11.0	13.6	124	
6/19/2009	19.0	11.0	13.6	124	
6/20/2009	19.0	11.0	13.6	124	
6/21/2009	19.0	11.0	13.6	124	
6/22/2009	19.0	11.0	13.6	124	
6/23/2009	15.0	12.0	13.7	578	
6/24/2009	17.0	10.0	13.7	502	
6/25/2009	21.0	10.0	15.2	818	
6/26/2009	20.0	9.0	14.8	382	
6/27/2009	25.0	12.0	19.3	222	
6/28/2009	30.0	15.0	25.4	338	
6/29/2009	30.0	16.0	23.5	484	
6/30/2009	31.0	20.0	24.8	400	
7/1/2009	22.0	18.0	20.7	293	
7/2/2009	22.0	16.0	18.9	293	
7/3/2009	24.0	13.0	19.3	302	
7/4/2009	24.0	11.0	18.8	231	
7/5/2009	24.0	11.0	17.5	298	
7/6/2009	24.0	11.0	17.5	298	
7/7/2009	24.0	11.0	17.5	298	
7/8/2009	24.0	11.0	17.5	298	
7/9/2009	24.0	11.0	17.5	298	
7/10/2009	19.0	14.0	15.9	280	
7/11/2009	17.0	12.0	14.3	227	
7/12/2009	19.0	10.0	13.7	302	
7/13/2009	16.0	11.0	12.8	307	
7/14/2009	18.0	9.0	12.6	591	
7/15/2009	19.0	9.0	13.9	467	
7/16/2009	29.0	10.0	19.6	338	
7/17/2009	30.0	17.0	22.8	689	
7/18/2009	31.0	20.0	24.1	520	
7/19/2009	32.0	19.0	25.8	449	
7/20/2009	33.0	17.0	24.4	351	
7/21/2009	19.0	11.0	14.6	356	
7/22/2009	21.0	8.0	14.8	551	
7/23/2009	22.0	12.0	16.0	742	
7/24/2009	26.0	10.0	18.2	578	
7/25/2009	28.0	18.0	21.4	591	
7/26/2009	29.0	21.0	24.1	738	
7/27/2009	32.0	18.0	23.9	720	
7/28/2009	19.0	12.0	15.7	516	
7/29/2009	13.0	8.0	12.1	271	
7/30/2009	15.0	10.0	13.2	365	
7/31/2009	15.0	8.0	12.2	533	
8/1/2009	19.0	13.0	17.0	831	
8/2/2009	25.0	15.0	21.1	378	
8/3/2009	29.0	14.0	20.7	240	
8/4/2009	17.0	9.0	14.1	298	
8/5/2009	17.0	11.0	14.6	756	
8/6/2009	26.0	15.0	19.6	511	
8/7/2009	18.0	11.0	15.2	573	
8/8/2009	20.0	9.0	15.2	516	
8/9/2009	20.0	9.0	15.2	516	
8/10/2009	17.0	10.0	14.2	480	
8/11/2009	20.0	12.0	15.8	711	
8/12/2009	18.0	10.0	14.4	747	
8/13/2009	21.0	9.0	13.8	449	
8/14/2009	28.0	9.0	15.9	480	
8/15/2009	20.0	8.0	13.6	378	
8/16/2009	10.0	9.0	9.6	169	
8/17/2009	13.0	10.0	11.3	169	
8/18/2009	17.0	9.0	12.0	351	
8/19/2009	17.0	10.0	13.1	645	
8/20/2009	21.0	7.0	13.0	413	
8/21/2009	22.0	8.0	14.9	520	
8/22/2009	20.0	10.0	14.1	662	
8/23/2009	23.0	9.0	14.4	520	
8/24/2009	23.0	9.0	14.4	520	
8/25/2009	23.0	9.0	14.4	520	
8/26/2009	23.0	9.0	14.4	520	
8/27/2009	23.0	9.0	14.4	520	
8/28/2009	23.0	9.0	14.4	520	
8/29/2009	23.0	9.0	14.4	520	
8/30/2009	23.0	9.0	14.4	520	
8/31/2009	23.0	9.0	14.4	520	
9/1/2009	19.0	12.0	15.8	422	
9/2/2009	21.0	11.0	16.1	622	
9/3/2009	20.0	11.0	16.0	604	
9/4/2009	19.0	10.0	14.3	493	
9/5/2009	25.0	10.0	14.8	200	
9/6/2009	18.0	9.0	12.8	360	
9/7/2009	19.0	7.0	13.6	418	
9/8/2009	17.0	11.0	13.1	947	
9/9/2009	22.0	11.0	16.5	956	
9/10/2009	21.0	10.0	14.9	707	
9/11/2009	25.0	10.0	15.7	587	
9/12/2009	25.0	10.0	15.7	587	
9/13/2009	25.0	12.0	17.8	551	
9/14/2009	16.0	11.0	13.4	365	
9/15/2009	19.0	11.0	14.6	596	
9/16/2009	19.0	10.0	13.3	756	
9/17/2009	21.0	10.0	14.2	911	
9/18/2009	23.0	12.0	16.9	853	
9/19/2009	23.0	12.0	16.9	853	
9/20/2009	19.0	12.0	14.5	404	
9/21/2009	16.0	9.0	11.9	302	
9/22/2009	19.0	7.0	12.8	164	
9/23/2009	19.0	12.0	15.6	240	
9/24/2009	19.0	13.0	16.4	600	
9/25/2009	20.0	8.0	13.9	520	
9/26/2009	20.0	8.0	13.1	458	
9/27/2009	23.0	10.0	16.3	822	
9/28/2009	23.0	11.0	16.8	729	
9/29/2009	21.0	11.0	15.2	285	
9/30/2009	21.0	10.0	16.0	200	
10/1/2009	20.0	9.0	14.0	231	
10/2/2009	18.0	11.0	13.4	200	
10/3/2009	16.0	12.0	13.0	231	
10/4/2009	16.0	10.0	12.6	191	
10/5/2009	18.0	9.0	12.7	231	
10/6/2009	22.0	9.0	14.9	422	
10/7/2009	21.0	11.0	15.4	649	
10/8/2009	22.0	11.0	15.8	707	
10/9/2009	20.0	12.0	16.1	800	
10/10/2009	20.0	11.0	14.0	547	
10/11/2009	20.0	11.0	14.6	511	
10/12/2009	23.0	12.0	15.9	738	
10/13/2009	27.0	10.0	14.2	338	
10/14/2009	18.0	11.0	14.2	347	
10/15/2009	19.0	13.0	15.2	489	
10/16/2009	21.0	11.0	15.3	805	
10/17/2009	21.0	11.0	15.3	805	
10/18/2009	21.0	11.0	15.3	805	
10/19/2009	21.0	11.0	15.3	805	
10/20/2009	21.0	11.0	15.3	805	
10/21/2009	21.0	11.0	15.3	805	
10/22/2009	27.0	14.0	18.1	249	
10/23/2009	27.0	12.0	18.1	342	
10/24/2009	22.0	11.0	16.0	409	
10/25/2009	23.0	14.0	18.1	840	
10/26/2009	21.0	13.0	16.2	502	
10/27/2009	21.0	13.0	16.7	796	
10/28/2009	22.0	14.0	18.3	982	
10/29/2009	26.0	13.0	20.6	769	
10/30/2009	26.0	13.0	20.6	769	
10/31/2009	26.0	13.0	20.6	769	
11/1/2009	26.0	13.0	20.6	769	
11/2/2009	23.0	12.0	17.2	427	
11/3/2009	21.0	11.0	16.1	391	
11/4/2009	22.0	12.0	16.1	351	
11/5/2009	22.0	14.0	17.7	569	
11/6/2009	22.0	14.0	17.7	569	
11/7/2009	22.0	14.0	17.7	569	
11/8/2009	22.0	14.0	17.7	569	
11/9/2009	19.0	13.0	16.0	373	
11/10/2009	22.0	12.0	16.4	333	
11/11/2009	21.0	12.0	16.9	191	
11/12/2009	20.0	15.0	17.4	360	
11/13/2009	22.0	14.0	18.0	747	
11/14/2009	25.0	13.0	18.1	942	
11/15/2009	26.0	13.0	20.5	800	
11/16/2009	17.0	12.0	15.3	333	
11/17/2009	20.0	13.0	15.8	329	
11/18/2009	23.0	12.0	16.2	289	
11/19/2009	22.0	13.0	16.6	227	
11/20/2009	22.0	15.0	17.6	311	
11/21/2009	21.0	15.0	17.7	427	
11/22/2009	28.0	14.0	19.4	453	
11/23/2009	26.0	13.0	17.8	311	
11/24/2009	26.0	15.0	18.4	338	
11/25/2009	24.0	14.0	18.9	742	
11/26/2009	26.0	14.0	19.4	662	
11/27/2009	22.0	12.0	16.8	298	
11/28/2009	20.0	15.0	16.6	169	
11/29/2009	23.0	15.0	18.7	560	
11/30/2009	23.0	15.0	18.7	560	
12/1/2009	22.0	15.0	18.6	707	
12/2/2009	24.0	13.0	18.9	645	
12/3/2009	25.0	13.0	17.9	440	
12/4/2009	27.0	12.0	20.0	320	
12/5/2009	25.0	13.0	18.1	244	
12/6/2009	24.0	15.0	19.3	280	
12/7/2009	25.0	16.0	19.5	262	
12/8/2009	24.0	16.0	19.6	262	
12/9/2009	24.0	15.0	20.4	445	
12/10/2009	24.0	15.0	20.4	445	
12/11/2009	24.0	15.0	20.4	445	
12/12/2009	24.0	15.0	20.4	445	
12/13/2009	24.0	15.0	20.4	445	
12/14/2009	22.0	19.0	20.5	347	
12/15/2009	22.0	16.0	19.4	356	
12/16/2009	23.0	14.0	18.2	298	
12/17/2009	24.0	16.0	19.8	520	
12/18/2009	24.0	15.0	18.7	640	
12/19/2009	25.0	16.0	20.4	831	
12/20/2009	26.0	13.0	18.2	404	
12/21/2009	23.0	12.0	17.2	387	
12/22/2009	23.0	12.0	16.4	227	
12/23/2009	25.0	18.0	21.4	916	
12/24/2009	24.0	16.0	19.9	836	
12/25/2009	24.0	14.0	18.2	836	
12/26/2009	26.0	14.0	19.9	916	
12/27/2009	25.0	15.0	20.5	898	
12/28/2009	23.0	12.0	18.1	760	
12/29/2009	26.0	15.0	22.0	893	
12/30/2009	23.0	13.0	18.8	729	
12/31/2009	24.0	15.0	21.2	645	
1/1/2010	23.0	16.0	18.0	827	
1/2/2010	26.0	14.0	19.6	484	
1/3/2010	24.0	17.0	20.6	693	
1/4/2010	26.0	15.0	20.0	493	
1/5/2010	24.0	16.0	19.8	400	
1/6/2010	25.0	16.0	19.9	689	
1/7/2010	29.0	16.0	21.1	853	
1/8/2010	24.0	15.0	19.7	764	
1/9/2010	22.0	13.0	17.8	391	
1/10/2010	23.0	14.0	18.6	356	
1/11/2010	27.0	15.0	22.3	702	
1/12/2010	27.0	15.0	22.3	702	
1/13/2010	21.0	15.0	18.4	409	
1/14/2010	25.0	16.0	19.8	667	
1/15/2010	26.0	17.0	20.5	902	
1/16/2010	25.0	14.0	19.4	764	
1/17/2010	27.0	14.0	19.6	302	
1/18/2010	24.0	16.0	18.4	373	
1/19/2010	24.0	15.0	18.9	604	
1/20/2010	25.0	15.0	19.4	813	
1/21/2010	23.0	14.0	17.6	462	
1/22/2010	24.0	15.0	19.2	560	
1/23/2010	22.0	15.0	19.1	658	
1/24/2010	23.0	14.0	18.3	636	
1/25/2010	25.0	15.0	19.4	560	
1/26/2010	19.0	16.0	18.0	387	
1/27/2010	24.0	15.0	19.6	809	
1/28/2010	25.0	17.0	20.7	871	
1/29/2010	23.0	14.0	19.1	738	
1/30/2010	23.0	14.0	19.1	738	
1/31/2010	23.0	14.0	19.1	738	
2/1/2010	23.0	15.0	19.0	960	
2/2/2010	23.0	13.0	18.9	511	
2/3/2010	23.0	13.0	19.6	707	
2/4/2010	26.0	14.0	19.2	449	
2/5/2010	22.0	14.0	17.4	431	
2/6/2010	24.0	12.0	18.6	218	
2/7/2010	25.0	14.0	19.3	360	
2/8/2010	30.0	15.0	22.9	369	
2/9/2010	32.0	20.0	25.0	467	
2/10/2010	29.0	17.0	22.7	369	
2/11/2010	29.0	17.0	22.7	369	
2/12/2010	24.0	16.0	19.3	556	
2/13/2010	24.0	13.0	16.8	453	
2/14/2010	25.0	11.0	16.2	471	
2/15/2010	21.0	12.0	14.8	324	
2/16/2010	23.0	14.0	19.2	805	
2/17/2010	25.0	14.0	18.6	756	
2/18/2010	26.0	14.0	18.1	671	
2/19/2010	26.0	14.0	18.1	671	
2/20/2010	26.0	14.0	18.1	671	
2/21/2010	26.0	14.0	18.1	671	
2/22/2010	26.0	14.0	18.1	671	
2/23/2010	26.0	14.0	18.1	671	
2/24/2010	26.0	14.0	18.1	671	
2/25/2010	26.0	14.0	18.1	671	
2/26/2010	26.0	14.0	18.1	671	
2/27/2010	26.0	14.0	18.1	671	
2/28/2010	26.0	14.0	18.1	671	
3/1/2010	24.0	18.0	21.6	262	
3/2/2010	31.0	17.0	22.2	98	
3/3/2010	22.0	17.0	19.1	200	
3/4/2010	25.0	17.0	20.1	236	
3/5/2010	29.0	19.0	23.3	231	
3/6/2010	39.0	20.0	29.9	324	
3/7/2010	38.0	28.0	32.1	258	
3/8/2010	38.0	22.0	27.0	356	
3/9/2010	29.0	19.0	23.8	311	
3/10/2010	19.0	17.0	18.2		
3/11/2010					
3/12/2010					
3/13/2010					
3/14/2010					
3/15/2010					
3/16/2010					
3/17/2010					
3/18/2010					
3/19/2010					
3/20/2010					
3/21/2010					
3/22/2010					
3/23/2010					
3/24/2010					
3/25/2010					
3/26/2010					
3/27/2010					
3/28/2010					
3/29/2010					
3/30/2010					
3/31/2010	22.0	12.0	17.2	769	
4/1/2010	24.0	11.0	15.1	285	
4/2/2010	25.0	10.0	15.7	191	
4/3/2010	26.0	11.0	17.8	640	
4/4/2010	22.0	14.0	17.6	960	
4/5/2010	19.0	11.0	15.7	938	
4/6/2010	19.0	10.0	14.7	764	
4/7/2010	24.0	10.0	15.6	409	
4/8/2010	24.0	10.0	16.1	116	
4/9/2010	23.0	13.0	16.4	480	
4/10/2010	25.0	10.0	16.2	382	
4/11/2010	24.0	9.0	15.6	244	
4/12/2010	34.0	12.0	18.8	151	
4/13/2010	27.0	12.0	18.2	124	
4/14/2010	26.0	12.0	17.8	164	
4/15/2010	23.0	14.0	19.0	591	
4/16/2010	22.0	12.0	15.7	662	
4/17/2010	20.0	12.0	15.1	600	
4/18/2010	18.0	10.0	12.8	404	
4/19/2010	18.0	8.0	12.6	187	
4/20/2010	22.0	11.0	16.3	667	
4/21/2010	23.0	10.0	16.9	529	
4/22/2010	25.0	11.0	18.1	760	
4/23/2010	20.0	9.0	14.4	249	
4/24/2010	22.0	8.0	14.0	196	
4/25/2010	21.0	13.0	17.3	76	
4/26/2010	24.0	13.0	17.3	142	
4/27/2010	31.0	9.0	19.1	204	
4/28/2010	31.0	9.0	25.3	204	
4/29/2010	31.0	9.0	31.4	209	
4/30/2010	31.0	9.0	34.4	320	
5/1/2010	31.0	9.0	28.7	200	
5/2/2010	31.0	9.0	26.9	298	
5/3/2010	38.0	17.0	22.5	298	
5/4/2010	22.0	13.0	19.9	222	
5/5/2010	34.0	17.0	21.9	262	
5/6/2010	34.0	17.0	22.8	338	
5/7/2010	24.0	14.0	18.5	440	
5/8/2010	16.0	10.0	13.3	271	
5/9/2010	20.0	12.0	15.6	218	
5/10/2010	19.0	11.0	14.6	271	
5/11/2010	19.0	8.0	13.5	338	
5/12/2010	25.0	9.0	15.4	98	
5/13/2010	17.0	10.0	13.8	191	
5/14/2010	21.0	9.0	14.3	365	
5/15/2010	24.0	10.0	15.4	307	
5/16/2010	28.0	11.0	19.4	80	
5/17/2010	34.0	17.0	24.9	240	
5/18/2010	24.0	13.0	18.2	356	
5/19/2010	24.0	12.0	16.2	302	
5/20/2010	32.0	13.0	22.0	333	
5/21/2010	33.0	21.0	26.1	391	
5/22/2010	33.0	20.0	26.3	400	
5/23/2010	31.0	16.0	22.7	285	
5/24/2010	20.0	11.0	14.4	285	
5/25/2010	20.0	10.0	13.4	236	
5/26/2010	17.0	9.0	12.6	102	
5/27/2010	16.0	8.0	13.3	164	
5/28/2010	18.0	9.0	13.0	698	
5/29/2010	19.0	6.0	10.6	120	
5/30/2010	19.0	6.0	10.6	120	
5/31/2010	17.0	11.0	15.5	133	
6/1/2010	25.0	13.0	19.0	182	
6/2/2010	29.0	13.0	21.1	218	
6/3/2010	29.0	13.0	23.8	378	
6/4/2010	29.0	13.0	21.9	267	
6/5/2010	24.0	8.0	16.5	111	
6/6/2010	24.0	8.0	20.3	293	
6/7/2010	18.0	10.0	15.7	204	
6/8/2010	20.0	12.0	17.1	476	
6/9/2010	21.0	10.0	16.1	382	
6/10/2010	25.0	11.0	17.9	360	
6/11/2010	15.0	9.0	11.7	71	
6/12/2010	19.0	9.0	14.3	378	
6/13/2010	16.0	3.0	11.7	369	
6/14/2010	18.0	6.0	14.3	342	
6/15/2010	18.0	8.0	13.2	707	
6/16/2010	18.0	8.0	13.2	707	
6/17/2010	27.0	16.0	21.9	680	
6/18/2010	28.0	17.0	21.6	587	
6/19/2010	27.0	9.0	18.3	93	
6/20/2010	28.0	10.0	19.4	102	
6/21/2010	28.0	10.0	17.1	427	
6/22/2010	24.0	5.0	16.3	147	
6/23/2010	31.0	13.0	22.0	169	
6/24/2010	28.0	13.0	21.0	138	
6/25/2010	28.0	19.0	25.6	293	
6/26/2010	30.0	15.0	23.3	218	
6/27/2010	32.0	11.0	20.6	200	
6/28/2010	14.0	9.0	11.4	182	
6/29/2010	19.0	9.0	13.8	382	
6/30/2010	20.0	8.0	13.6	356	
7/1/2010	29.0	9.0	15.8	124	
7/2/2010	29.0	23.0	26.5	556	
7/3/2010	29.0	15.0	20.8	187	
7/4/2010	29.0	15.0	20.8	187	
7/5/2010	29.0	15.0	20.8	187	
7/6/2010	21.0	12.0	16.2	760	
7/7/2010	22.0	8.0	13.7	320	
7/8/2010					
7/9/2010					
7/10/2010					
7/11/2010					
7/12/2010					
7/13/2010					
7/14/2010					
7/15/2010					
7/16/2010					
7/17/2010					
7/18/2010					
7/19/2010					
7/20/2010					
7/21/2010					
7/22/2010					
7/23/2010					
7/24/2010					
7/25/2010					
7/26/2010					
7/27/2010	17.0	11.0	14.3	84	
7/28/2010	30.0	11.0	19.8	204	
7/29/2010	34.0	16.0	25.3	342	
7/30/2010	27.0	10.0	14.6	182	
7/31/2010	21.0	10.0	14.0	276	
8/1/2010	21.0	10.0	14.0	276	
8/2/2010	21.0	10.0	15.1	253	
8/3/2010	35.0	8.0	20.3	222	
8/4/2010	26.0	12.0	17.6	218	
8/5/2010	19.0	10.0	14.2	160	
8/6/2010	20.0	8.0	13.4	209	
8/7/2010	17.0	10.0	12.4	382	
8/8/2010	21.0	9.0	14.1	622	
8/9/2010	25.0	12.0	17.4	787	
8/10/2010	31.0	13.0	24.3	858	
8/11/2010	31.0	18.0	23.3	533	
8/12/2010	33.0	18.0	25.9	413	
8/13/2010	32.0	16.0	23.7	320	
8/14/2010	33.0	14.0	21.9	209	
8/15/2010	25.0	11.0	17.2	302	
8/16/2010	28.0	9.0	15.5	209	
8/17/2010	20.0	8.0	11.9	382	
8/18/2010	21.0	8.0	13.9	538	
8/19/2010	25.0	8.0	16.8	320	
8/20/2010	17.0	10.0	13.6	609	
8/21/2010	16.0	12.0	13.8	302	
8/22/2010	18.0	10.0	14.2	320	
8/23/2010	20.0	10.0	15.6	884	
8/24/2010	22.0	7.0	14.7	324	
8/25/2010	17.0	8.0	13.6	307	
8/26/2010	17.0	8.0	13.6	307	
8/27/2010	20.0	10.0	15.2	307	
8/28/2010	23.0	9.0	15.7	431	
8/29/2010	19.0	8.0	12.6	187	
8/30/2010	17.0	10.0	12.4	200	
8/31/2010	19.0	8.0	13.6	342	
9/1/2010	19.0	9.0	14.3	484	
9/2/2010	23.0	7.0	14.4	365	
9/3/2010	31.0	9.0	20.4	276	
9/4/2010	28.0	9.0	16.9	227	
9/5/2010	15.0	9.0	12.2	342	
9/6/2010	24.0	14.0	19.2	805	
9/7/2010	24.0	14.0	19.2	805	
9/8/2010	19.0	11.0	14.1	138	
9/9/2010	14.0	12.0	12.8	160	
9/10/2010	25.0	13.0	17.4	645	
9/11/2010	37.0	12.0	26.6	396	
9/12/2010	24.0	16.0	20.4	182	
9/13/2010	19.0	10.0	15.3	293	
9/14/2010	17.0	10.0	13.8	360	
9/15/2010	20.0	11.0	15.1	529	
9/16/2010	31.0	12.0	18.2	751	
9/17/2010	20.0	12.0	15.8	565	
9/18/2010	19.0	12.0	14.8	573	
9/19/2010	19.0	11.0	14.6	271	
9/20/2010	16.0	10.0	13.0	360	
9/21/2010	18.0	12.0	15.6	462	
9/22/2010	22.0	8.0	15.7	449	
9/23/2010	18.0	13.0	14.9	787	
9/24/2010	22.0	12.0	16.1	1005	
9/25/2010	19.0	12.0	14.7	920	
9/26/2010	20.0	12.0	15.1	960	
9/27/2010	27.0	11.0	18.3	689	
9/28/2010	34.0	17.0	25.0	498	
9/29/2010	33.0	13.0	19.8	285	
9/30/2010	23.0	12.0	16.4	222	
10/1/2010	20.0	11.0	15.1	289	
10/2/2010	22.0	11.0	15.6	253	
10/3/2010	22.0	11.0	15.6	253	
10/4/2010	30.0	13.0	18.3	458	
10/5/2010	21.0	11.0	15.9	262	
10/6/2010	17.0	12.0	14.5	436	
10/7/2010	20.0	12.0	15.0	387	
10/8/2010	25.0	10.0	16.3	502	
10/9/2010	21.0	11.0	14.9	356	
10/10/2010	21.0	13.0	16.4	324	
10/11/2010	23.0	12.0	16.7	600	
10/12/2010	24.0	12.0	15.8	858	
10/13/2010	20.0	12.0	15.1	853	
10/14/2010	20.0	11.0	15.3	822	
10/15/2010	26.0	12.0	17.8	862	
10/16/2010	31.0	11.0	21.2	369	
10/17/2010	16.0	10.0	13.4	329	
10/18/2010	20.0	11.0	14.9	462	
10/19/2010	24.0	9.0	16.1	436	
10/20/2010	22.0	9.0	15.2	316	
10/21/2010	20.0	14.0	16.2	440	
10/22/2010	20.0	13.0	15.6	600	
10/23/2010	20.0	11.0	15.0	733	
10/24/2010	20.0	11.0	15.1	671	
10/25/2010	23.0	12.0	16.6	711	
10/26/2010	21.0	10.0	15.1	338	
10/27/2010	18.0	16.0	17.0	822	
10/28/2010	25.0	14.0	20.2	1080	
10/29/2010	24.0	12.0	14.7	769	
10/30/2010	25.0	12.0	17.6	716	
10/31/2010	22.0	11.0	14.1	653	
11/1/2010	23.0	10.0	14.9	502	
11/2/2010	22.0	12.0	16.8	440	
11/3/2010	19.0	14.0	15.7	276	
11/4/2010	21.0	14.0	15.9	262	
11/5/2010	17.0	14.0	15.6	596	
11/6/2010	25.0	14.0	19.0	791	
11/7/2010	20.0	13.0	14.6	524	
11/8/2010	21.0	16.0	19.0	400	
11/9/2010					
11/10/2010					
11/11/2010					
11/12/2010					
11/13/2010					
11/14/2010					
11/15/2010					
11/16/2010					
11/17/2010					
11/18/2010					
11/19/2010					
11/20/2010					
11/21/2010					
11/22/2010					
11/23/2010					
11/24/2010					
11/25/2010					
11/26/2010					
11/27/2010					
11/28/2010					
11/29/2010					
11/30/2010					
12/1/2010					
12/2/2010					
12/3/2010					
12/4/2010					
12/5/2010					
12/6/2010					
12/7/2010					
12/8/2010					
12/9/2010					
12/10/2010					
12/11/2010					
12/12/2010					
12/13/2010					
12/14/2010	19.0	14.0	15.7	276	
12/15/2010	19.0	11.0	15.5	396	
12/16/2010	19.0	14.0	16.0	373	
12/17/2010	20.0	11.0	15.6	222	
12/18/2010	21.0	12.0	16.8	293	
12/19/2010	23.0	12.0	17.6	387	
12/20/2010	23.0	13.0	17.0	262	
12/21/2010	21.0	16.0	17.8	236	
12/22/2010	22.0	13.0	17.8	320	
12/23/2010	24.0	14.0	19.7	480	
12/24/2010	25.0	15.0	19.1	689	
12/25/2010	25.0	14.0	19.0	800	
12/26/2010	24.0	13.0	17.9	556	
12/27/2010	24.0	13.0	17.0	365	
12/28/2010	24.0	15.0	17.6	400	
12/29/2010	24.0	16.0	19.6	813	
12/30/2010	24.0	14.0	17.5	764	
12/31/2010	23.0	13.0	17.9	498	
1/1/2011	22.0	15.0	19.3	378	
1/2/2011	24.0	14.0	18.9	631	
1/3/2011	25.0	15.0	19.9	658	
1/4/2011	26.0	15.0	20.0	347	
1/5/2011	30.0	16.0	19.4	218	
1/6/2011	30.0	16.0	19.4	218	
1/7/2011	21.0	16.0	17.7	213	
1/8/2011	21.0	16.0	17.7	213	
1/9/2011	21.0	16.0	17.7	213	
1/10/2011	21.0	16.0	17.7	213	
1/11/2011	16.0	14.0	15.3	653	
1/12/2011	22.0	13.0	17.6	902	
1/13/2011	23.0	15.0	18.8	938	
1/14/2011	25.0	16.0	19.4	973	
1/15/2011	21.0	14.0	16.9	418	
1/16/2011	23.0	14.0	18.2	671	
1/17/2011	27.0	15.0	21.1	573	
1/18/2011	22.0	13.0	17.1	400	
1/19/2011	25.0	14.0	17.7	516	
1/20/2011	25.0	15.0	19.5	707	
1/21/2011	25.0	14.0	19.1	436	
1/22/2011	24.0	15.0	19.3	498	
1/23/2011	24.0	14.0	18.2	520	
1/24/2011	27.0	14.0	18.9	222	
1/25/2011	24.0	16.0	18.2	209	
1/26/2011	24.0	16.0	19.8	596	
1/27/2011	20.0	14.0	16.5	524	
1/28/2011	26.0	14.0	17.9	404	
1/29/2011	24.0	15.0	18.9	378	
1/30/2011	24.0	16.0	18.1	591	
1/31/2011	24.0	13.0	19.2	671	
2/1/2011	24.0	13.0	19.2	671	
2/2/2011	21.0	16.0	18.4	333	
2/3/2011	21.0	15.0	17.7	227	
2/4/2011	17.0	14.0	15.3	178	
2/5/2011	25.0	18.0	21.8	720	
2/6/2011	29.0	16.0	23.1	565	
2/7/2011	26.0	16.0	21.8	658	
2/8/2011	26.0	16.0	21.6	596	
2/9/2011	29.0	17.0	20.9	351	
2/10/2011	26.0	16.0	19.6	400	
2/11/2011	26.0	17.0	20.3	547	
2/12/2011	25.0	16.0	21.1	551	
2/13/2011	27.0	16.0	24.7	618	
2/14/2011	30.0	17.0	25.2	387	
2/15/2011	32.0	19.0	25.2	289	
2/16/2011	28.0	19.0	24.2	671	
2/17/2011	25.0	17.0	22.2	929	
2/18/2011	23.0	15.0	18.8	658	
2/19/2011	23.0	13.0	18.3	551	
2/20/2011	23.0	13.0	17.5	476	
2/21/2011	23.0	12.0	16.8	445	
2/22/2011	24.0	13.0	17.8	507	
2/23/2011	24.0	13.0	17.4	533	
2/24/2011	26.0	14.0	19.7	596	
2/25/2011	24.0	14.0	19.2	640	
2/26/2011	23.0	13.0	17.1	258	
2/27/2011	30.0	13.0	19.9	298	
2/28/2011	29.0	16.0	21.6	289	
3/1/2011	29.0	19.0	22.2	285	
3/2/2011	31.0	17.0	23.4	307	
3/3/2011	30.0	15.0	19.4	218	
3/4/2011	27.0	15.0	18.5	231	
3/5/2011	20.0	14.0	17.1	302	
3/6/2011	23.0	14.0	17.9	502	
3/7/2011	28.0	15.0	19.8	587	
3/8/2011	25.0	15.0	19.3	556	
3/9/2011	27.0	17.0	20.4	604	
3/10/2011	26.0	16.0	20.6	707	
3/11/2011	26.0	15.0	18.4	516	
3/12/2011	25.0	13.0	18.2	440	
3/13/2011	24.0	14.0	17.7	489	
3/14/2011	26.0	14.0	19.7	702	
3/15/2011	24.0	14.0	18.4	502	
3/16/2011	23.0	14.0	17.0	271	
3/17/2011	25.0	14.0	20.4	440	
3/18/2011	26.0	13.0	17.4	267	
3/19/2011	26.0	13.0	19.2	200	
3/20/2011	23.0	14.0	17.7	396	
3/21/2011	21.0	13.0	17.1	253	
3/22/2011	27.0	15.0	19.1	324	
3/23/2011	24.0	15.0	18.5	520	
3/24/2011	21.0	13.0	17.2	547	
3/25/2011	26.0	16.0	19.6	845	
3/26/2011	26.0	14.0	18.4	538	
3/27/2011	26.0	14.0	18.6	267	
3/28/2011	25.0	12.0	19.3	404	
3/29/2011	34.0	22.0	28.7	338	
3/30/2011	31.0	20.0	25.7	182	
3/31/2011	27.0	17.0	21.6	369	
4/1/2011	24.0	13.0	18.6	756	
4/2/2011	24.0	14.0	17.6	662	
4/3/2011	23.0	12.0	17.8	764	
4/4/2011	25.0	11.0	16.7	542	
4/5/2011	25.0	14.0	19.3	169	
4/6/2011	14.0	12.0	13.1	249	
4/7/2011	16.0	13.0	13.4	107	
4/8/2011	16.0	13.0	13.4	107	
4/9/2011	16.0	13.0	13.4	107	
4/10/2011	16.0	13.0	13.4	107	
4/11/2011	16.0	13.0	13.4	107	
4/12/2011	23.0	16.0	18.0	391	
4/13/2011	24.0	14.0	17.8	502	
4/14/2011	21.0	13.0	15.7	298	
4/15/2011	24.0	13.0	16.1	209	
4/16/2011	17.0	12.0	14.4	218	
4/17/2011	16.0	11.0	13.6	227	
4/18/2011	21.0	11.0	15.3	200	
4/19/2011	26.0	12.0	17.1	222	
4/20/2011	25.0	12.0	17.6	191	
4/21/2011	24.0	14.0	18.1	493	
4/22/2011	28.0	13.0	19.5	209	
4/23/2011	18.0	11.0	14.1	244	
4/24/2011	19.0	11.0	14.1	236	
4/25/2011	20.0	10.0	14.7	600	
4/26/2011	22.0	11.0	15.0	876	
4/27/2011	22.0	11.0	14.6	822	
4/28/2011	22.0	9.0	14.8	511	
4/29/2011	21.0	11.0	14.5	360	
4/30/2011	21.0	11.0	14.5	360	
5/1/2011	21.0	11.0	14.5	360	
5/2/2011	21.0	11.0	14.5	360	
5/3/2011	20.0	13.0	16.2	307	
5/4/2011	24.0	13.0	16.3	267	
5/5/2011	21.0	14.0	17.2	449	
5/6/2011	21.0	11.0	15.2	484	
5/7/2011	17.0	11.0	13.3	511	
5/8/2011	18.0	9.0	11.8	156	
5/9/2011	16.0	11.0	13.4	365	
5/10/2011	20.0	11.0	14.8	360	
5/11/2011	22.0	10.0	15.1	311	
5/12/2011	20.0	9.0	13.1	316	
5/13/2011	20.0	10.0	13.4	347	
5/14/2011	15.0	10.0	12.1	276	
5/15/2011	17.0	12.0	14.1	156	
5/16/2011	21.0	12.0	15.1	413	
5/17/2011	19.0	8.0	13.2	360	
5/18/2011	21.0	9.0	14.7	276	
5/19/2011	32.0	13.0	22.1	249	
5/20/2011	33.0	18.0	24.6	262	
5/21/2011	20.0	16.0	17.8	160	
5/22/2011	20.0	15.0	17.6	240	
5/23/2011	21.0	14.0	17.0	191	
5/24/2011	19.0	11.0	15.5	187	
5/25/2011	20.0	11.0	14.1	511	
5/26/2011	22.0	8.0	16.5	440	
5/27/2011	28.0	13.0	20.7	467	
5/28/2011	19.0	11.0	14.7	436	
5/29/2011	18.0	10.0	13.8	320	
5/30/2011	19.0	13.0	15.6	222	
5/31/2011	22.0	11.0	15.5	476	
6/1/2011	25.0	8.0	15.1	253	
6/2/2011	27.0	9.0	15.0	142	
6/3/2011	24.0	8.0	13.9	209	
6/4/2011	19.0	9.0	13.4	387	
6/5/2011	23.0	13.0	16.3	747	
6/6/2011	19.0	10.0	13.3	676	
6/7/2011	16.0	9.0	11.9	316	
6/8/2011	15.0	10.0	12.2	262	
6/9/2011	18.0	9.0	12.8	462	
6/10/2011	20.0	9.0	13.2	427	
6/11/2011	16.0	9.0	11.9	311	
6/12/2011	16.0	7.0	11.2	191	
6/13/2011	17.0	7.0	9.8	120	
6/14/2011	12.0	9.0	10.9	378	
6/15/2011	12.0	11.0	11.6	293	
6/16/2011	12.0	11.0	2.7	329	
6/17/2011	18.0	1.0	9.1	244	
6/18/2011	14.0	2.0	8.1	262	
6/19/2011	19.0	5.0	11.2	498	
6/20/2011	21.0	6.0	13.7	324	
6/21/2011	26.0	11.0	16.9	258	
6/22/2011	16.0	9.0	13.1	178	
6/23/2011	16.0	10.0	12.9	289	
6/24/2011	19.0	9.0	13.1	551	
6/25/2011	23.0	7.0	15.1	244	
6/26/2011	27.0	15.0	21.0	431	
6/27/2011	19.0	9.0	13.9	209	
6/28/2011	17.0	8.0	12.3	213	
6/29/2011	18.0	5.0	12.1	289	
6/30/2011	21.0	7.0	13.2	396	
7/1/2011	19.0	7.0	12.0	413	
7/2/2011	18.0	8.0	11.8	689	
7/3/2011	18.0	9.0	12.4	702	
7/4/2011	17.0	7.0	11.8	640	
7/5/2011	22.0	8.0	13.6	653	
7/6/2011	27.0	13.0	20.7	502	
7/7/2011	29.0	16.0	21.6	560	
7/8/2011	29.0	16.0	22.0	342	
7/9/2011	25.0	11.0	17.8	178	
7/10/2011	29.0	13.0	21.4	316	
7/11/2011	31.0	20.0	24.7	573	
7/12/2011	30.0	18.0	23.4	400	
7/13/2011	30.0	18.0	23.3	391	
7/14/2011	31.0	15.0	22.3	320	
7/15/2011	31.0	16.0	23.3	369	
7/16/2011	32.0	18.0	24.8	449	
7/17/2011	32.0	18.0	23.0	302	
7/18/2011	27.0	11.0	17.4	240	
7/19/2011	22.0	9.0	13.2	267	
7/20/2011	23.0	8.0	13.2	218	
7/21/2011	19.0	7.0	13.3	338	
7/22/2011	21.0	10.0	13.9	404	
7/23/2011	14.0	9.0	11.4	413	
7/24/2011	14.0	11.0	12.9	356	
7/25/2011	18.0	12.0	13.9	667	
7/26/2011	24.0	10.0	16.4	311	
7/27/2011	18.0	11.0	13.1	520	
7/28/2011	16.0	11.0	13.6	373	
7/29/2011	20.0	7.0	13.1	445	
7/30/2011	27.0	11.0	19.7	378	
7/31/2011	32.0	18.0	24.1	609	
8/1/2011	33.0	20.0	24.9	582	
8/2/2011	27.0	11.0	19.6	356	
8/3/2011	16.0	7.0	11.1	173	
8/4/2011	17.0	9.0	12.6	191	
8/5/2011	19.0	11.0	14.2	609	
8/6/2011	26.0	11.0	18.9	507	
8/7/2011	30.0	14.0	22.6	418	
8/8/2011	26.0	10.0	16.8	200	
8/9/2011	25.0	9.0	15.2	258	
8/10/2011	19.0	6.0	10.7	289	
8/11/2011	16.0	5.0	9.3	289	
8/12/2011	14.0	7.0	9.3	333	
8/13/2011	14.0	7.0	9.3	333	
8/14/2011	14.0	7.0	9.3	333	
8/15/2011	14.0	7.0	9.3	333	
8/16/2011	14.0	7.0	9.3	333	
8/17/2011	14.0	9.0	11.3	204	
8/18/2011	16.0	9.0	12.2	227	
8/19/2011	19.0	9.0	13.2	462	
8/20/2011	17.0	6.0	11.7	178	
8/21/2011	16.0	8.0	12.0	320	
8/22/2011	13.0	10.0	11.6	262	
8/23/2011	15.0	8.0	11.7	253	
8/24/2011	25.0	9.0	15.4	298	
8/25/2011	20.0	10.0	14.3	351	
8/26/2011	20.0	10.0	14.8	649	
8/27/2011	21.0	11.0	15.6	689	
8/28/2011	27.0	9.0	15.8	236	
8/29/2011	14.0	10.0	11.7	231	
8/30/2011	16.0	9.0	12.7	333	
8/31/2011	20.0	10.0	14.1	560	
9/1/2011	20.0	9.0	13.4	404	
9/2/2011	22.0	10.0	15.5	631	
9/3/2011	21.0	11.0	16.1	609	
9/4/2011	30.0	11.0	18.7	316	
9/5/2011	33.0	13.0	17.5	258	
9/6/2011	16.0	9.0	12.6	231	
9/7/2011	15.0	9.0	11.9	409	
9/8/2011	19.0	12.0	14.9	369	
9/9/2011	19.0	10.0	13.7	631	
9/10/2011	23.0	11.0	15.5	565	
9/11/2011	19.0	11.0	14.2	578	
9/12/2011	19.0	9.0	13.2	547	
9/13/2011	21.0	9.0	14.8	609	
9/14/2011	19.0	10.0	13.7	640	
9/15/2011	22.0	10.0	16.1	676	
9/16/2011	30.0	10.0	23.1	360	
9/17/2011	19.0	8.0	11.7	218	
9/18/2011	9.0	8.0	8.2	107	
9/19/2011	20.0	10.0	14.7	889	
9/20/2011	17.0	9.0	12.6	858	
9/21/2011	19.0	10.0	15.3	880	
9/22/2011	19.0	10.0	15.3	880	
9/23/2011	19.0	10.0	15.3	880	
9/24/2011	19.0	10.0	15.3	880	
9/25/2011	19.0	10.0	15.3	880	
9/26/2011	19.0	10.0	15.3	880	
9/27/2011	19.0	10.0	15.3	880	
9/28/2011	17.0	13.0	14.4	778	
9/29/2011	27.0	16.0	21.3	889	
9/30/2011	20.0	9.0	15.1	627	
10/1/2011	20.0	9.0	15.1	627	
10/2/2011	20.0	9.0	15.1	627	
10/3/2011	4.0	-1.0	2.0	876	
10/4/2011					
10/5/2011					
10/6/2011					
10/7/2011					
10/8/2011					
10/9/2011					
10/10/2011					
10/11/2011					
10/12/2011					
10/13/2011					
10/14/2011					
10/15/2011					
10/16/2011					
10/17/2011					
10/18/2011					
10/19/2011					
10/20/2011					
10/21/2011					
10/22/2011					
10/23/2011					
10/24/2011					
10/25/2011					
10/26/2011					
10/27/2011					
10/28/2011	19.0	10.0	14.1	751	
10/29/2011	19.0	8.0	13.3	565	
10/30/2011	19.0	9.0	13.8	476	
10/31/2011	21.0	9.0	14.6	902	
11/1/2011	24.0	10.0	17.2	809	
11/2/2011	34.0	12.0	21.8	565	
11/3/2011	17.0	9.0	12.7	489	
11/4/2011	19.0	10.0	14.5	702	
11/5/2011	23.0	11.0	15.4	747	
11/6/2011	29.0	9.0	17.4	285	
11/7/2011	16.0	10.0	12.8	382	
11/8/2011	20.0	12.0	15.1	378	
11/9/2011	22.0	11.0	15.7	796	
11/10/2011	20.0	11.0	15.4	982	
11/11/2011	20.0	10.0	14.4	969	
11/12/2011	20.0	11.0	15.1	1005	
11/13/2011	15.0	10.0	12.1	787	
11/14/2011	25.0	10.0	16.5	773	
11/15/2011	19.0	9.0	13.8	320	
11/16/2011	21.0	12.0	16.3	716	
11/17/2011	24.0	12.0	17.3	627	
11/18/2011	26.0	11.0	16.4	436	
11/19/2011	19.0	11.0	15.4	404	
11/20/2011	24.0	12.0	17.1	409	
11/21/2011	21.0	12.0	16.7	1036	
11/22/2011	23.0	11.0	15.9	1027	
11/23/2011	22.0	12.0	16.4	1200	
11/24/2011	24.0	11.0	16.2	800	
11/25/2011	23.0	9.0	14.4	493	
11/26/2011	20.0	11.0	15.2	702	
11/27/2011	22.0	13.0	16.6	858	
11/28/2011	24.0	10.0	15.7	333	
11/29/2011	21.0	12.0	15.2	462	
11/30/2011	20.0	12.0	16.0	733	
12/1/2011	23.0	12.0	17.6	862	
12/2/2011	22.0	11.0	17.4	831	
12/3/2011	24.0	12.0	17.4	653	
12/4/2011	17.0	10.0	14.0	476	
12/5/2011	20.0	13.0	15.8	316	
12/6/2011	21.0	11.0	15.7	267	
12/7/2011	22.0	13.0	17.1	747	
12/8/2011	23.0	12.0	16.9	1036	
12/9/2011	16.0	10.0	11.7	849	
12/10/2011	24.0	11.0	16.8	1049	
12/11/2011	25.0	12.0	17.3	805	
12/12/2011	16.0	11.0	13.3	440	
12/13/2011	18.0	12.0	14.9	293	
12/14/2011	19.0	10.0	13.6	227	
12/15/2011	19.0	10.0	13.6	227	
12/16/2011	19.0	10.0	13.6	227	
12/17/2011	19.0	10.0	13.6	227	
12/18/2011	19.0	10.0	13.6	227	
12/19/2011	19.0	10.0	13.6	227	
12/20/2011	19.0	10.0	13.6	227	
12/21/2011	19.0	10.0	13.6	227	
12/22/2011	19.0	10.0	13.6	227	
12/23/2011	19.0	10.0	13.6	227	
12/24/2011	20.0	14.0	17.4	902	
12/25/2011	21.0	14.0	18.6	796	
12/26/2011	23.0	14.0	18.3	782	
12/27/2011	23.0	14.0	18.3	782	
12/28/2011	23.0	14.0	18.3	782	
12/29/2011	23.0	14.0	18.3	782	
12/30/2011	23.0	14.0	18.3	782	
12/31/2011	23.0	14.0	18.3	782	
1/1/2012	23.0	14.0	18.3	782	
1/2/2012	23.0	14.0	18.3	782	
1/3/2012	23.0	14.0	18.3	782	
1/4/2012	21.0	14.0	17.0	893	
1/5/2012	25.0	14.0	18.3	836	
1/6/2012	24.0	14.0	19.3	929	
1/7/2012	26.0	12.0	18.2	618	
1/8/2012	23.0	13.0	17.1	404	
1/9/2012	24.0	14.0	18.6	587	
1/10/2012	22.0	14.0	17.5	320	
1/11/2012	20.0	14.0	17.0	387	
1/12/2012	21.0	15.0	17.1	240	
1/13/2012	24.0	15.0	19.1	636	
1/14/2012	26.0	14.0	19.3	769	
1/15/2012	25.0	13.0	18.1	338	
1/16/2012	21.0	12.0	16.7	298	
1/17/2012	23.0	14.0	17.4	307	
1/18/2012	21.0	15.0	17.6	382	
1/19/2012	22.0	16.0	18.2	285	
1/20/2012	24.0	16.0	19.5	311	
1/21/2012	26.0	15.0	20.1	524	
1/22/2012	24.0	15.0	18.8	649	
1/23/2012	27.0	16.0	20.4	867	
1/24/2012	26.0	15.0	20.0	769	
1/25/2012	21.0	13.0	15.5	213	
1/26/2012	21.0	13.0	15.5	213	
1/27/2012	23.0	14.0	18.8	858	
1/28/2012	24.0	13.0	17.9	551	
1/29/2012	23.0	14.0	17.9	267	
1/30/2012	24.0	15.0	19.2	573	
1/31/2012	23.0	15.0	18.4	693	
2/1/2012	24.0	16.0	19.8	1031	
2/2/2012	20.0	16.0	16.9	871	
2/3/2012	24.0	15.0	18.8	587	
2/4/2012	19.0	12.0	15.1	236	
2/5/2012	20.0	14.0	16.9	258	
2/6/2012	23.0	15.0	18.1	253	
2/7/2012	24.0	16.0	19.5	680	
2/8/2012	25.0	16.0	19.9	787	
2/9/2012	27.0	17.0	20.3	867	
2/10/2012	27.0	14.0	18.8	956	
2/11/2012	24.0	13.0	17.2	991	
2/12/2012	23.0	12.0	17.1	604	
2/13/2012	13.0	12.0	12.8	169	
2/14/2012	24.0	13.0	19.0	622	
2/15/2012	25.0	12.0	17.5	440	
2/16/2012	25.0	12.0	17.5	440	
2/17/2012	23.0	13.0	17.3	831	
2/18/2012	14.0	13.0	13.8	591	
2/19/2012	14.0	13.0	13.8	591	
2/20/2012	14.0	13.0	13.8	591	
2/21/2012	25.0	16.0	20.4	711	
2/22/2012	27.0	14.0	19.2	689	
2/23/2012	26.0	20.0	24.3	689	
2/24/2012	22.0	15.0	18.9	391	
2/25/2012	28.0	15.0	19.4	289	
2/26/2012	25.0	14.0	18.6	267	
2/27/2012	27.0	14.0	18.4	200	
2/28/2012	27.0	14.0	18.4	200	
2/29/2012	27.0	14.0	18.4	200	
3/1/2012	27.0	14.0	18.4	200	
3/2/2012	24.0	16.0	20.6	431	
3/3/2012	24.0	16.0	20.6	431	
3/4/2012	24.0	16.0	20.6	431	
3/5/2012	24.0	16.0	20.6	431	
3/6/2012	23.0	17.0	19.5	764	
3/7/2012	23.0	17.0	19.5	764	
3/8/2012	24.0	15.0	20.0	542	
3/9/2012					
3/10/2012					
3/11/2012					
3/12/2012					
3/13/2012					
3/14/2012					
3/15/2012					
3/16/2012					
3/17/2012					
3/18/2012					
3/19/2012					
3/20/2012					
3/21/2012					
3/22/2012					
3/23/2012					
3/24/2012					
3/25/2012					
3/26/2012	20.0	13.0	15.5	231	
3/27/2012	20.0	13.0	15.5	231	
3/28/2012	20.0	13.0	15.5	231	
3/29/2012	20.0	13.0	15.5	231	
3/30/2012	20.0	13.0	15.5	231	
3/31/2012	20.0	13.0	15.5	231	
4/1/2012	20.0	13.0	15.5	231	
4/2/2012	33.0	23.0	26.7	311	
4/3/2012	32.0	17.0	23.3	147	
4/4/2012	32.0	17.0	23.3	147	
4/5/2012	32.0	17.0	23.3	147	
4/6/2012	32.0	17.0	23.3	147	
4/7/2012	32.0	17.0	23.3	147	
4/8/2012	32.0	17.0	23.3	147	
4/9/2012	32.0	17.0	23.3	147	
4/10/2012	32.0	17.0	23.3	147	
4/11/2012	31.0	13.0	20.0	169	
4/12/2012					
4/13/2012					
4/14/2012					
4/15/2012					
4/16/2012					
4/17/2012					
4/18/2012					
4/19/2012					
4/20/2012					
4/21/2012					
4/22/2012					
4/23/2012					
4/24/2012					
4/25/2012					
4/26/2012					
4/27/2012					
4/28/2012					
4/29/2012					
4/30/2012					
5/1/2012					
5/2/2012					
5/3/2012					
5/4/2012					
5/5/2012					
5/6/2012					
5/7/2012					
5/8/2012					
5/9/2012	28.0	14.0	21.6	276	
5/10/2012	28.0	11.0	18.7	258	
5/11/2012	28.0	9.0	19.1	307	
5/12/2012	19.0	14.0	16.0	169	
5/13/2012	28.0	9.0	20.0	213	
5/14/2012	28.0	10.0	18.8	262	
5/15/2012	28.0	10.0	18.8	262	
5/16/2012	28.0	10.0	18.8	262	
5/17/2012	28.0	27.0	27.7	253	
5/18/2012	28.0	27.0	27.7	253	
5/19/2012	28.0	27.0	27.7	253	
5/20/2012	28.0	27.0	27.7	253	
5/21/2012	28.0	27.0	27.7	253	
5/22/2012	28.0	27.0	27.7	253	
5/23/2012	28.0	27.0	27.7	253	
5/24/2012	28.0	27.0	27.7	253	
5/25/2012	28.0	27.0	27.7	253	
5/26/2012	17.0	14.0	15.5	182	
5/27/2012	28.0	10.0	18.7	187	
5/28/2012	28.0	10.0	18.5	204	
5/29/2012	28.0	8.0	17.7	173	
5/30/2012	27.0	8.0	17.8	227	
5/31/2012	19.0	8.0	11.8	196	
6/1/2012	19.0	8.0	11.8	196	
6/2/2012	19.0	8.0	11.8	196	
6/3/2012	19.0	8.0	11.8	196	
6/4/2012	19.0	8.0	11.8	196	
6/5/2012	19.0	8.0	11.8	196	
6/6/2012	19.0	8.0	11.8	196	
6/7/2012	19.0	8.0	11.8	196	
6/8/2012	11.0	8.0	9.8	22	
6/9/2012	11.0	8.0	9.8	22	
6/10/2012	11.0	8.0	9.8	22	
6/11/2012	22.0	3.0	10.7	356	
6/12/2012	22.0	3.0	10.7	356	
6/13/2012	22.0	3.0	10.7	356	
6/14/2012	22.0	3.0	10.7	356	
6/15/2012	26.0	14.0	19.3	227	
6/16/2012	28.0	10.0	17.9	253	
6/17/2012	28.0	8.0	16.6	191	
6/18/2012	25.0	3.0	11.6	111	
6/19/2012	25.0	3.0	11.6	111	
6/20/2012	25.0	3.0	11.6	111	
6/21/2012	28.0	12.0	19.7	187	
6/22/2012	28.0	6.0	17.4	204	
6/23/2012	27.0	6.0	15.6	107	
6/24/2012	27.0	4.0	14.1	98	
6/25/2012	29.0	1.0	14.6	98	
6/26/2012	30.0	9.0	17.6	213	
6/27/2012	30.0	6.0	17.6	156	
6/28/2012	29.0	8.0	16.4	204	
6/29/2012	29.0	6.0	16.8	173	
6/30/2012	29.0	7.0	18.2	164	
7/1/2012	29.0	10.0	19.4	196	
7/2/2012	29.0	10.0	19.4	196	
7/3/2012	29.0	10.0	19.4	196	
7/4/2012	29.0	10.0	19.4	196	
7/5/2012	29.0	10.0	19.4	196	
7/6/2012	29.0	13.0	22.3	191	
7/7/2012	24.0	7.0	15.4	191	
7/8/2012	24.0	0	12.4	258	
7/9/2012	22.0	5.0	12.7	285	
7/10/2012	24.0	3.0	13.1	129	
7/11/2012					
7/12/2012					
7/13/2012					
7/14/2012					
7/15/2012					
7/16/2012					
7/17/2012					
7/18/2012					
7/19/2012					
7/20/2012					
7/21/2012					
7/22/2012					
7/23/2012					
7/24/2012					
7/25/2012					
7/26/2012					
7/27/2012					
7/28/2012					
7/29/2012					
7/30/2012					
7/31/2012					
8/1/2012					
8/2/2012					
8/3/2012					
8/4/2012					
8/5/2012					
8/6/2012					
8/7/2012					
8/8/2012					
8/9/2012					
8/10/2012					
8/11/2012	12.0	6.0	9.0	422	
8/12/2012	15.0	5.0	9.2	396	
8/13/2012	21.0	4.0	9.9	449	
8/14/2012	14.0	7.0	10.6	813	
8/15/2012	12.0	6.0	8.8	338	
8/16/2012	12.0	6.0	6.0	258	
8/17/2012	12.0	6.0	6.0	258	
8/18/2012	12.0	6.0	6.0	258	
8/19/2012	12.0	6.0	6.0	258	
8/20/2012	13.0	8.0	10.0	547	
8/21/2012	15.0	5.0	9.2	609	
8/22/2012	19.0	7.0	10.7	680	
8/23/2012	16.0	5.0	8.6	169	
8/24/2012	16.0	5.0	8.6	169	
8/25/2012	14.0	9.0	11.1	391	
8/26/2012	20.0	9.0	12.4	684	
8/27/2012	21.0	6.0	12.0	382	
8/28/2012	14.0	7.0	9.9	356	
8/29/2012	15.0	8.0	11.6	396	
8/30/2012	16.0	4.0	8.2	253	
8/31/2012	15.0	5.0	10.1	187	
9/1/2012	17.0	7.0	10.4	742	
9/2/2012	11.0	5.0	8.0	396	
9/3/2012	19.0	5.0	10.9	462	
9/4/2012	14.0	4.0	8.9	569	
9/5/2012	17.0	4.0	11.4	662	
9/6/2012	21.0	8.0	14.0	413	
9/7/2012	15.0	6.0	9.8	236	
9/8/2012	14.0	6.0	9.9	240	
9/9/2012	16.0	12.0	14.2	467	
9/10/2012	17.0	9.0	12.7	698	
9/11/2012	15.0	4.0	9.4	293	
9/12/2012	15.0	9.0	10.0	244	
9/13/2012	17.0	8.0	12.2	725	
9/14/2012	20.0	8.0	13.2	449	
9/15/2012	12.0	6.0	8.6	227	
9/16/2012	12.0	10.0	10.3	222	
9/17/2012	15.0	8.0	10.8	249	
9/18/2012	18.0	9.0	13.0	636	
9/19/2012	21.0	8.0	13.1	542	
9/20/2012	16.0	9.0	11.2	236	
9/21/2012	18.0	9.0	12.4	244	
9/22/2012	19.0	8.0	12.6	725	
9/23/2012	21.0	7.0	13.7	707	
9/24/2012	23.0	9.0	16.3	631	
9/25/2012	13.0	7.0	10.4	431	
9/26/2012	13.0	10.0	10.8	213	
9/27/2012	16.0	10.0	11.6	333	
9/28/2012	17.0	7.0	11.4	520	
9/29/2012	20.0	7.0	12.9	698	
9/30/2012	25.0	7.0	16.8	449	
10/1/2012	19.0	9.0	13.4	378	
10/2/2012	19.0	7.0	11.4	320	
10/3/2012	20.0	7.0	12.0	440	
10/4/2012	20.0	11.0	13.8	747	
10/5/2012	20.0	11.0	14.2	791	
10/6/2012	19.0	9.0	13.3	907	
10/7/2012	21.0	11.0	13.4	1098	
10/8/2012	17.0	9.0	12.4	911	
10/9/2012	19.0	8.0	12.2	787	
10/10/2012	20.0	10.0	13.5	840	
10/11/2012	20.0	10.0	13.5	840	
10/12/2012	20.0	9.0	14.7	720	
10/13/2012	21.0	7.0	12.6	569	
10/14/2012	16.0	7.0	10.4	529	
10/15/2012	17.0	9.0	12.7	778	
10/16/2012	18.0	9.0	12.7	778	
10/17/2012	18.0	10.0	13.1	787	
10/18/2012	18.0	9.0	13.3	818	
10/19/2012	18.0	8.0	12.3	987	
10/20/2012	18.0	8.0	11.8	853	
10/21/2012	21.0	11.0	15.6	693	
10/22/2012	20.0	7.0	13.8	640	
10/23/2012	26.0	7.0	15.5	271	
10/24/2012	12.0	4.0	7.8	524	
10/25/2012	14.0	9.0	10.7	324	
10/26/2012	17.0	7.0	10.9	702	
10/27/2012	17.0	7.0	12.1	476	
10/28/2012	17.0	5.0	10.6	449	
10/29/2012	20.0	7.0	14.2	796	
10/30/2012	24.0	8.0	15.0	462	
10/31/2012	21.0	6.0	11.0	276	
11/1/2012	13.0	7.0	10.0	396	
11/2/2012	13.0	7.0	10.0	396	
11/3/2012	13.0	7.0	10.0	396	
11/4/2012	5.0	-21.0	-5.3	351	
11/5/2012	5.0	-21.0	-4.9	356	
11/6/2012	18.0	-21.0	1.6	565	
11/7/2012	19.0	-21.0	3.3	769	
11/8/2012	13.0	-11.0	2.8	569	
11/9/2012	11.0	2.0	6.1	631	
11/10/2012	14.0	-6.0	2.3	396	
11/11/2012	10.0	-1.0	2.6	200	
11/12/2012	5.0	-1.0	0.6	98	
11/13/2012	5.0	-1.0	0.6	98	
11/14/2012	5.0	-1.0	0.6	98	
11/15/2012	19.0	3.0	9.6	671	
11/16/2012	17.0	-1.0	7.3	587	
11/17/2012	19.0	-2.0	9.4	822	
11/18/2012	19.0	-2.0	-0.9	845	
11/19/2012	19.0	-2.0	-0.9	845	
11/20/2012	20.0	7.0	15.3	831	
11/21/2012	21.0	9.0	14.3	876	
11/22/2012	19.0	6.0	12.1	751	
11/23/2012	18.0	4.0	10.7	489	
11/24/2012	19.0	7.0	11.9	756	
11/25/2012	20.0	4.0	12.0	840	
11/26/2012	25.0	4.0	12.5	569	
11/27/2012	25.0	4.0	14.5	276	
11/28/2012	23.0	7.0	12.9	409	
11/29/2012	19.0	7.0	11.7	556	
11/30/2012	16.0	7.0	10.4	476	
12/1/2012	15.0	8.0	12.1	356	
12/2/2012	15.0	9.0	12.2	320	
12/3/2012	20.0	6.0	12.8	391	
12/4/2012	19.0	7.0	13.3	653	
12/5/2012	18.0	8.0	12.5	684	
12/6/2012	20.0	7.0	13.7	604	
12/7/2012	14.0	8.0	10.3	484	
12/8/2012	22.0	7.0	11.4	391	
12/9/2012	14.0	7.0	10.8	569	
12/10/2012	20.0	9.0	14.8	827	
12/11/2012	23.0	10.0	16.6	702	
12/12/2012	20.0	9.0	12.3	449	
12/13/2012	17.0	11.0	13.7	316	
12/14/2012	17.0	10.0	12.8	209	
12/15/2012	17.0	10.0	13.5	280	
12/16/2012	18.0	11.0	13.5	253	
12/17/2012	21.0	11.0	14.1	373	
12/18/2012	20.0	11.0	13.8	285	
12/19/2012	22.0	10.0	14.9	516	
12/20/2012	16.0	9.0	12.7	351	
12/21/2012	18.0	11.0	13.1	369	
12/22/2012	15.0	10.0	12.3	289	
12/23/2012	15.0	10.0	12.3	289	
12/24/2012	19.0	14.0	16.6	507	
12/25/2012	19.0	14.0	16.6	507	
12/26/2012	18.0	10.0	13.8	236	
12/27/2012	22.0	14.0	16.4	484	
12/28/2012	22.0	10.0	15.5	667	
12/29/2012	21.0	10.0	13.3	604	
12/30/2012	20.0	10.0	15.3	684	
12/31/2012	20.0	13.0	15.8	1102	
1/1/2013	20.0	10.0	12.4	760	
1/2/2013	19.0	8.0	12.7	524	
1/3/2013	20.0	9.0	14.9	867	
1/4/2013	20.0	11.0	15.5	813	
1/5/2013	19.0	9.0	13.1	502	
1/6/2013	20.0	11.0	15.4	769	
1/7/2013	15.0	11.0	12.6	565	
1/8/2013	-2.0	-6.0	-4.4	973	
1/9/2013	2.0	-13.0	-4.8	902	
1/10/2013	6.0	-8.0	-2.8	1022	
7/20/2013	17.0	12.0	14.4	565	
7/21/2013	24.0	9.0	16.3	329	
7/22/2013	22.0	17.0	19.0	560	
7/23/2013	22.0	17.0	19.0	560	
7/24/2013	22.0	17.0	19.0	560	
7/25/2013	22.0	17.0	19.0	560	
7/26/2013	22.0	17.0	19.0	560	
7/27/2013	3.0	-23.0	-6.6	502	
7/28/2013	8.0	-2.0	3.2	769	
7/29/2013	24.0	-2.0	10.7	400	
7/30/2013	31.0	20.0	25.0	667	
7/31/2013	32.0	20.0	25.6	600	
8/1/2013	29.0	19.0	22.3	476	
8/2/2013	31.0	16.0	22.2	338	
8/3/2013	28.0	14.0	20.5	404	
8/4/2013	25.0	9.0	14.4	293	
8/5/2013	9.0	1.0	4.4	200	
8/6/2013	16.0	7.0	13.9	733	
8/7/2013	16.0	7.0	13.9	733	
8/8/2013	11.0	8.0	9.5	524	
8/9/2013	24.0	4.0	14.4	302	
8/10/2013	22.0	11.0	15.2	618	
8/11/2013	15.0	8.0	10.8	369	
8/12/2013	16.0	4.0	9.3	262	
8/13/2013	16.0	4.0	9.3	262	
8/14/2013	15.0	4.0	10.6	542	
8/15/2013	16.0	4.0	11.0	320	
8/16/2013	18.0	8.0	12.8	351	
8/17/2013	18.0	8.0	12.7	440	
8/18/2013	15.0	9.0	10.9	622	
8/19/2013	24.0	7.0	13.6	324	
8/20/2013	19.0	4.0	10.3	258	
8/21/2013	19.0	4.0	4.0	338	
8/22/2013					
8/23/2013					
8/24/2013					
8/25/2013					
8/26/2013					
8/27/2013					
8/28/2013					
8/29/2013					
8/30/2013					
8/31/2013					
9/1/2013					
9/2/2013					
9/3/2013					
9/4/2013					
9/5/2013					
9/6/2013					
9/7/2013					
9/8/2013					
9/9/2013					
9/10/2013					
9/11/2013					
9/12/2013					
9/13/2013					
9/14/2013					
9/15/2013					
9/16/2013					
9/17/2013					
9/18/2013					
9/19/2013					
9/20/2013					
9/21/2013					
9/22/2013					
9/23/2013					
9/24/2013					
9/25/2013					
9/26/2013					
9/27/2013					
9/28/2013					
9/29/2013					
9/30/2013	26.0	11.0	16.3	413	
10/1/2013	19.0	5.0	12.3	178	
10/2/2013	20.0	8.0	12.9	280	
10/3/2013	18.0	8.0	12.3	458	
10/4/2013	21.0	9.0	14.2	547	
10/5/2013	19.0	10.0	14.8	920	
10/6/2013	20.0	10.0	14.9	947	
10/7/2013	25.0	10.0	16.5	547	
10/8/2013	17.0	10.0	12.2	369	
10/9/2013	14.0	8.0	10.6	324	
10/10/2013	20.0	10.0	14.0	240	
10/11/2013	19.0	9.0	12.2	453	
10/12/2013	20.0	9.0	12.4	707	
10/13/2013	19.0	10.0	12.9	876	
10/14/2013	16.0	9.0	11.3	244	
10/15/2013	19.0	7.0	12.4	453	
10/16/2013	20.0	10.0	14.3	689	
10/17/2013	19.0	10.0	13.8	778	
10/18/2013	20.0	11.0	15.3	773	
10/19/2013	18.0	11.0	14.0	476	
10/20/2013	19.0	12.0	15.2	702	
10/21/2013	20.0	12.0	16.9	969	
10/22/2013	22.0	15.0	18.5	916	
10/23/2013	22.0	15.0	18.5	916	
10/24/2013	22.0	15.0	18.5	916	
10/25/2013	22.0	15.0	18.5	916	
10/26/2013	22.0	15.0	18.5	916	
10/27/2013	22.0	15.0	18.5	916	
10/28/2013	22.0	15.0	18.5	916	
10/29/2013	22.0	15.0	18.5	916	
10/30/2013	18.0	13.0	14.6	551	
10/31/2013	12.0	11.0	11.8	267	
11/1/2013	24.0	12.0	18.1	805	
11/2/2013	27.0	14.0	19.5	516	
11/3/2013	37.0	14.0	25.3	382	
11/4/2013	19.0	12.0	15.4	307	
11/5/2013	17.0	10.0	11.7	160	
11/6/2013	19.0	13.0	16.1	396	
11/7/2013	22.0	12.0	16.0	587	
11/8/2013	22.0	10.0	15.5	471	
11/9/2013	24.0	10.0	16.9	645	
11/10/2013	24.0	8.0	14.4	285	
11/11/2013	12.0	4.0	8.8	307	
11/12/2013	12.0	4.0	8.8	307	
11/13/2013	16.0	6.0	11.7	378	
11/14/2013	17.0	9.0	12.3	507	
11/15/2013	14.0	8.0	11.2	347	
11/16/2013	17.0	8.0	13.1	356	
11/17/2013	18.0	10.0	13.7	613	
11/18/2013	16.0	4.0	11.5	316	
11/19/2013	13.0	7.0	9.7	333	
11/20/2013	14.0	6.0	10.8	613	
11/21/2013	19.0	6.0	11.6	453	
11/22/2013	14.0	4.0	8.9	480	
11/23/2013	17.0	7.0	11.8	556	
11/24/2013	18.0	6.0	11.4	262	
11/25/2013	15.0	9.0	10.8	280	
11/26/2013	17.0	12.0	13.5	898	
11/27/2013	18.0	10.0	14.1	1013	
11/28/2013	22.0	10.0	14.6	640	
11/29/2013	18.0	9.0	13.1	609	
11/30/2013	21.0	11.0	14.7	787	
12/1/2013	16.0	9.0	12.2	373	
12/2/2013	19.0	11.0	14.3	382	
12/3/2013	18.0	9.0	13.4	529	
12/4/2013	19.0	9.0	14.4	805	
12/5/2013	19.0	9.0	12.8	329	
12/6/2013	12.0	7.0	9.6	440	
12/7/2013	14.0	7.0	11.2	293	
12/8/2013	16.0	9.0	11.7	240	
12/9/2013	16.0	11.0	12.7	213	
12/10/2013	13.0	9.0	10.3	191	
12/11/2013	13.0	9.0	10.3	191	
12/12/2013	13.0	9.0	10.3	191	
12/13/2013	13.0	9.0	10.3	191	
12/14/2013	17.0	10.0	13.4	760	
12/15/2013	17.0	10.0	13.4	760	
12/16/2013	17.0	10.0	13.4	760	
12/17/2013	17.0	10.0	13.4	760	
12/18/2013	17.0	10.0	13.4	760	
12/19/2013	17.0	10.0	13.4	760	
12/20/2013	20.0	16.0	17.6	404	
12/21/2013	14.0	13.0	13.2	342	
12/22/2013	21.0	12.0	15.2	320	
12/23/2013	21.0	12.0	15.2	320	
12/24/2013	22.0	11.0	15.4	604	
12/25/2013	21.0	10.0	13.6	502	
12/26/2013	21.0	11.0	14.2	600	
12/27/2013	19.0	9.0	13.8	600	
12/28/2013	16.0	13.0	14.2	862	
12/29/2013	19.0	11.0	14.4	902	
12/30/2013	20.0	9.0	13.5	827	
12/31/2013	16.0	10.0	12.3	547	
1/1/2014	19.0	10.0	13.9	609	
1/2/2014	20.0	10.0	13.9	609	
1/3/2014	19.0	11.0	14.2	324	
1/4/2014	19.0	11.0	14.2	324	
1/5/2014	13.0	11.0	12.2	587	
1/6/2014	13.0	11.0	12.2	587	
1/7/2014	13.0	11.0	12.2	587	
1/8/2014	16.0	12.0	13.7	222	
1/9/2014	19.0	11.0	15.4	360	
1/10/2014	22.0	13.0	17.6	725	
1/11/2014	23.0	12.0	17.7	604	
1/12/2014	13.0	12.0	12.3	445	
1/13/2014	22.0	12.0	15.4	538	
1/14/2014	18.0	9.0	12.9	347	
1/15/2014	20.0	12.0	14.8	396	
1/16/2014	17.0	10.0	13.2	400	
1/17/2014	19.0	11.0	14.4	453	
1/18/2014	22.0	11.0	16.2	587	
1/19/2014	20.0	10.0	14.4	729	
1/20/2014	21.0	11.0	15.9	853	
1/21/2014	24.0	12.0	17.4	316	
1/22/2014	19.0	10.0	13.8	253	
1/23/2014	18.0	11.0	13.6	351	
1/24/2014	21.0	11.0	15.3	556	
1/25/2014	22.0	11.0	16.6	716	
1/26/2014	20.0	9.0	15.2	853	
1/27/2014	21.0	12.0	15.1	596	
1/28/2014	17.0	11.0	13.6	551	
1/29/2014	16.0	12.0	13.5	244	
1/30/2014	21.0	12.0	14.8	382	
1/31/2014	19.0	11.0	13.9	333	
2/1/2014	20.0	14.0	15.6	662	
2/2/2014	22.0	14.0	16.4	729	
2/3/2014	20.0	11.0	14.1	413	
2/4/2014	20.0	12.0	14.3	533	
2/5/2014	22.0	11.0	16.1	636	
2/6/2014	22.0	11.0	16.1	636	
2/7/2014	19.0	10.0	14.7	560	
2/8/2014	23.0	11.0	16.2	716	
2/9/2014	21.0	11.0	15.3	636	
2/10/2014	23.0	10.0	15.5	547	
2/11/2014	22.0	12.0	16.6	431	
2/12/2014	22.0	13.0	16.4	400	
2/13/2014	22.0	13.0	18.1	631	
2/14/2014	27.0	15.0	20.2	582	
2/15/2014	24.0	14.0	18.2	289	
2/16/2014	25.0	16.0	20.3	302	
2/17/2014	22.0	14.0	17.3	351	
2/18/2014	27.0	15.0	18.7	493	
2/19/2014	22.0	14.0	16.1	591	
2/20/2014	22.0	13.0	17.3	911	
2/21/2014	22.0	12.0	15.9	796	
2/22/2014	20.0	11.0	13.8	342	
2/23/2014	22.0	12.0	15.9	671	
2/24/2014	21.0	11.0	14.4	680	
2/25/2014	24.0	11.0	15.4	293	
2/26/2014	18.0	10.0	13.2	338	
2/27/2014	20.0	12.0	15.7	262	
2/28/2014	21.0	14.0	16.2	329	
3/1/2014	21.0	12.0	14.9	400	
3/2/2014	19.0	11.0	13.9	391	
3/3/2014	23.0	13.0	16.9	756	
3/4/2014	21.0	12.0	15.5	689	
3/5/2014	23.0	11.0	14.9	445	
3/6/2014	20.0	10.0	13.2	369	
3/7/2014	21.0	12.0	16.1	591	
3/8/2014	20.0	12.0	15.3	711	
3/9/2014	21.0	11.0	14.9	969	
3/10/2014	17.0	10.0	12.5	498	
3/11/2014	19.0	9.0	13.1	480	
3/12/2014	22.0	12.0	15.6	751	
3/13/2014	14.0	9.0	10.4	271	
3/14/2014	18.0	8.0	13.2	293	
3/15/2014	17.0	9.0	13.1	520	
3/16/2014	22.0	10.0	15.6	413	
3/17/2014	22.0	9.0	13.7	431	
3/18/2014	19.0	9.0	12.8	427	
3/19/2014	21.0	8.0	14.1	676	
3/20/2014	20.0	9.0	14.9	627	
3/21/2014	19.0	7.0	11.4	271	
3/22/2014	19.0	8.0	12.9	311	
3/23/2014	18.0	10.0	13.3	258	
3/24/2014	17.0	10.0	13.1	311	
3/25/2014	17.0	8.0	12.1	280	
3/26/2014	19.0	10.0	13.0	591	
3/27/2014	25.0	9.0	16.9	396	
3/28/2014	30.0	12.0	22.0	440	
3/29/2014	20.0	9.0	13.8	484	
3/30/2014	18.0	9.0	11.4	400	
3/31/2014	17.0	7.0	11.9	556	
4/1/2014	19.0	9.0	12.9	649	
4/2/2014	18.0	9.0	13.2	587	
4/3/2014	21.0	9.0	13.5	489	
4/4/2014	21.0	6.0	14.1	324	
4/5/2014	25.0	11.0	17.3	262	
4/6/2014	27.0	13.0	20.0	258	
4/7/2014	28.0	16.0	22.8	360	
4/8/2014	28.0	13.0	19.9	333	
4/9/2014	29.0	11.0	21.1	347	
4/10/2014	34.0	24.0	27.9	649	
4/11/2014	32.0	19.0	24.8	396	
4/12/2014	33.0	20.0	25.4	533	
4/13/2014	27.0	17.0	22.2	382	
4/14/2014	27.0	13.0	18.3	378	
4/15/2014	22.0	9.0	14.0	671	
4/16/2014	24.0	8.0	14.7	222	
4/17/2014	24.0	10.0	16.8	271	
4/18/2014	25.0	9.0	14.1	396	
4/19/2014	25.0	11.0	16.2	267	
4/20/2014	27.0	11.0	17.2	267	
4/21/2014	18.0	7.0	11.4	329	
4/22/2014	16.0	10.0	11.9	462	
4/23/2014	20.0	10.0	13.4	782	
4/24/2014	22.0	7.0	13.7	378	
4/25/2014	24.0	7.0	14.1	293	
4/26/2014	19.0	6.0	11.6	409	
4/27/2014	11.0	6.0	7.7	285	
4/28/2014	24.0	5.0	12.6	302	
4/29/2014	20.0	6.0	11.4	356	
4/30/2014	19.0	7.0	11.8	298	
5/1/2014	29.0	7.0	16.5	280	
5/2/2014	28.0	7.0	15.1	302	
5/3/2014	25.0	7.0	12.3	333	
5/4/2014	12.0	8.0	9.5	244	
5/5/2014	13.0	9.0	10.4	316	
5/6/2014	19.0	10.0	13.0	316	
5/7/2014	14.0	8.0	9.8	293	
5/8/2014	15.0	8.0	10.9	298	
5/9/2014	15.0	8.0	11.0	244	
5/10/2014	18.0	7.0	12.0	569	
5/11/2014	18.0	7.0	12.0	569	
5/12/2014	25.0	7.0	17.1	191	
5/13/2014	19.0	5.0	10.1	373	
5/14/2014	15.0	2.0	7.3	298	
5/15/2014	15.0	4.0	8.3	413	
5/16/2014	16.0	6.0	9.8	418	
5/17/2014	16.0	3.0	9.0	271	
5/18/2014	12.0	3.0	5.9	302	
5/19/2014	13.0	1.0	7.6	320	
5/20/2014	15.0	5.0	10.3	476	
5/21/2014	22.0	5.0	14.7	333	
5/22/2014	19.0	5.0	12.6	431	
5/23/2014	9.0	3.0	6.1	324	
5/24/2014	16.0	5.0	10.8	320	
5/25/2014	23.0	6.0	11.8	342	
5/26/2014	18.0	5.0	9.8	342	
5/27/2014	17.0	4.0	9.0	307	
5/28/2014	18.0	5.0	10.7	285	
5/29/2014	9.0	6.0	7.5	333	
5/30/2014	17.0	7.0	11.9	356	
5/31/2014	18.0	4.0	8.6	347	
6/1/2014	16.0	7.0	11.6	516	
6/2/2014	7.0	5.0	5.9	333	
6/3/2014	7.0	5.0	5.9	333	
6/4/2014	7.0	5.0	5.9	333	
6/5/2014	7.0	5.0	5.5	342	
6/6/2014	15.0	4.0	8.8	400	
6/7/2014	22.0	13.0	15.7	587	
6/8/2014	22.0	13.0	15.7	587	
6/9/2014	22.0	13.0	15.7	587	
6/10/2014	22.0	13.0	15.7	587	
6/11/2014	22.0	13.0	15.7	587	
6/12/2014	22.0	13.0	15.7	587	
6/13/2014	22.0	11.0	16.4	480	
6/14/2014	12.0	6.0	8.9	298	
6/15/2014	13.0	5.0	8.2	382	
6/16/2014	15.0	2.0	8.2	365	
6/17/2014	14.0	-6.0	9.9	307	
6/18/2014	16.0	8.0	11.6	218	
6/19/2014	16.0	8.0	12.0	231	
6/20/2014	26.0	15.0	22.3	431	
6/21/2014	26.0	16.0	21.4	151	
6/22/2014	26.0	19.0	22.4	289	
6/23/2014	27.0	16.0	21.1	320	
6/24/2014	18.0	16.0	17.7	227	
6/25/2014	18.0	16.0	17.7	227	
6/26/2014	18.0	16.0	17.7	227	
6/27/2014	21.0	11.0	14.8	467	
6/28/2014	26.0	9.0	14.4	240	
6/29/2014	21.0	7.0	12.5	231	
6/30/2014	24.0	8.0	14.2	187	
7/1/2014	14.0	10.0	11.9	280	
7/2/2014	12.0	9.0	11.0	129	
7/3/2014	12.0	7.0	8.2	124	
7/4/2014	12.0	7.0	8.2	124	
7/5/2014	12.0	7.0	8.2	124	
7/6/2014	12.0	7.0	8.2	124	
7/7/2014	12.0	7.0	13.0	622	
7/8/2014	24.0	10.0	15.9	365	
7/9/2014	25.0	14.0	19.3	378	
7/10/2014	25.0	12.0	19.4	502	
7/11/2014	15.0	10.0	11.4	280	
7/12/2014	18.0	8.0	12.2	565	
7/13/2014	11.0	6.0	7.8	204	
7/14/2014	28.0	9.0	18.3	236	
7/15/2014	30.0	13.0	18.3	218	
7/16/2014	21.0	8.0	13.1	187	
7/17/2014	17.0	9.0	12.7	191	
7/18/2014	17.0	8.0	12.3	387	
7/19/2014	19.0	6.0	12.6	396	
7/20/2014	24.0	8.0	16.9	271	
7/21/2014	24.0	13.0	18.1	351	
7/22/2014	11.0	8.0	9.5	276	
7/23/2014	10.0	6.0	8.0	147	
7/24/2014	16.0	7.0	12.3	258	
7/25/2014	15.0	9.0	12.2	329	
7/26/2014	17.0	7.0	11.9	471	
7/27/2014	22.0	10.0	15.4	476	
7/28/2014	28.0	12.0	19.3	467	
7/29/2014	34.0	21.0	26.1	596	
7/30/2014	32.0	19.0	24.9	431	
7/31/2014	23.0	16.0	19.2	445	
8/1/2014	15.0	9.0	11.7	373	
8/2/2014	18.0	10.0	12.9	565	
8/3/2014	19.0	9.0	12.8	449	
8/4/2014	12.0	9.0	10.4	431	
8/5/2014	12.0	9.0	10.1	187	
8/6/2014	12.0	9.0	10.1	187	
8/7/2014	12.0	9.0	10.1	187	
8/8/2014	12.0	9.0	12.0	311	
8/9/2014	22.0	9.0	14.6	333	
8/10/2014	16.0	10.0	12.4	289	
8/11/2014	19.0	11.0	14.4	365	
8/12/2014	12.0	11.0	11.9	191	
8/13/2014	11.0	9.0	10.0	133	
8/14/2014	11.0	9.0	10.0	133	
8/15/2014	11.0	9.0	10.0	133	
8/16/2014	31.0	10.0	21.8	320	
8/17/2014	17.0	12.0	14.2	209	
8/18/2014	17.0	11.0	13.9	565	
