Date	Air Temp Max(ºC)	Air Temp Min(ºC)	Air Temp Avg(ºC)	WindSp (km/day)	
1/30/1985	23.0	17.0	19.5	365	
1/31/1985	28.0	15.0	20.0	271	
2/1/1985	26.0	18.0	22.6	356	
2/2/1985	27.0	22.0	25.3	391	
2/3/1985	25.0	15.0	18.7	80	
2/4/1985	25.0	15.0	19.4	160	
2/5/1985	24.0	13.0	19.0	62	
2/6/1985	20.0	15.0	17.8	133	
2/7/1985	21.0	16.0	18.8	151	
2/8/1985	20.0	15.0	16.5	222	
2/9/1985	20.0	15.0	16.5	222	
2/10/1985	17.0	14.0	15.1	31	
2/11/1985	23.0	16.0	19.4	80	
2/12/1985	24.0	15.0	17.8	44	
2/13/1985	18.0	16.0	17.0	44	
2/14/1985	26.0	14.0	19.3	102	
2/15/1985	26.0	13.0	21.3	267	
2/16/1985	26.0	14.0	21.9	271	
2/17/1985	26.0	17.0	21.5	147	
2/18/1985	23.0	16.0	19.6	147	
2/19/1985	23.0	16.0	18.8	160	
2/20/1985	23.0	15.0	19.8	249	
2/21/1985	25.0	17.0	21.3	151	
2/22/1985	24.0	15.0	19.8	244	
2/23/1985	24.0	15.0	20.7	222	
2/24/1985	25.0	17.0	20.5	253	
2/25/1985	25.0	15.0	20.6	356	
2/26/1985	25.0	19.0	22.3	311	
2/27/1985	29.0	16.0	21.5	236	
2/28/1985	24.0	15.0	20.1	320	
3/1/1985	24.0	15.0	19.8	324	
3/2/1985	24.0	16.0	20.6	316	
3/3/1985	23.0	9.0	16.1	138	
3/4/1985	25.0	10.0	17.1	191	
3/5/1985	24.0	12.0	20.6	542	
3/6/1985	23.0	15.0	19.3	511	
3/7/1985	23.0	14.0	17.9	471	
3/8/1985	25.0	14.0	18.3	489	
3/9/1985	25.0	15.0	19.8	533	
3/10/1985	25.0	15.0	19.8	533	
3/11/1985	25.0	15.0	19.8	533	
3/12/1985	26.0	14.0	19.6	404	
3/13/1985	25.0	12.0	19.2	404	
3/14/1985	26.0	12.0	21.1	307	
3/15/1985	27.0	11.0	19.3	178	
3/16/1985	27.0	16.0	21.7	369	
3/17/1985	28.0	16.0	22.3	333	
3/18/1985	26.0	16.0	19.4	360	
3/19/1985	26.0	17.0	18.9	302	
3/20/1985	22.0	16.0	18.2	107	
3/21/1985	25.0	16.0	20.5	280	
3/22/1985	25.0	16.0	20.5	280	
3/23/1985	23.0	15.0	19.0	271	
3/24/1985	22.0	15.0	19.0	196	
3/25/1985	22.0	16.0	18.6	98	
3/26/1985	25.0	17.0	20.3	280	
3/27/1985	21.0	16.0	18.7	244	
3/28/1985	21.0	19.0	19.8	102	
3/29/1985	21.0	16.0	18.7	258	
3/30/1985	23.0	16.0	19.3	196	
3/31/1985	22.0	16.0	18.5	62	
4/1/1985	25.0	15.0	20.1	191	
4/2/1985	23.0	16.0	18.6	369	
4/3/1985	23.0	19.0	21.5	360	
4/4/1985	24.0	16.0	21.0	258	
4/5/1985	23.0	16.0	19.1	227	
4/6/1985	24.0	17.0	21.1	316	
4/7/1985	25.0	16.0	20.4	191	
4/8/1985	23.0	16.0	18.2	244	
4/9/1985	25.0	15.0	19.1	84	
4/10/1985	23.0	15.0	19.1	129	
4/11/1985	23.0	16.0	20.5	258	
4/12/1985	24.0	15.0	18.4	36	
4/13/1985	23.0	15.0	18.6	27	
4/14/1985	22.0	15.0	17.8	129	
4/15/1985	21.0	15.0	17.2	142	
4/16/1985	21.0	15.0	17.2	142	
4/17/1985	21.0	14.0	16.6	124	
4/18/1985	21.0	14.0	16.6	124	
4/19/1985	21.0	14.0	16.6	124	
4/20/1985	24.0	17.0	20.1	231	
4/21/1985	21.0	16.0	18.4	262	
4/22/1985	21.0	14.0	18.6	160	
4/23/1985	22.0	13.0	18.8	204	
4/24/1985	23.0	15.0	18.8	213	
4/25/1985	23.0	15.0	18.8	213	
4/26/1985	21.0	16.0	19.0	222	
4/27/1985	21.0	15.0	18.3	253	
4/28/1985	21.0	15.0	17.7	191	
4/29/1985	22.0	15.0	18.9	249	
4/30/1985	21.0	15.0	17.8	289	
5/1/1985	20.0	15.0	17.1	276	
5/2/1985	21.0	15.0	17.7	356	
5/3/1985	18.0	14.0	16.2	160	
5/4/1985	19.0	16.0	17.6	213	
5/5/1985	19.0	15.0	17.7	387	
5/6/1985	19.0	15.0	17.7	387	
5/7/1985	22.0	18.0	19.4	116	
5/8/1985	24.0	15.0	19.8	227	
5/9/1985	23.0	16.0	19.3	244	
5/10/1985	22.0	15.0	17.7	151	
5/11/1985	19.0	17.0	18.0	222	
5/12/1985	23.0	15.0	18.2	138	
5/13/1985	23.0	16.0	19.5	253	
5/14/1985	23.0	17.0	20.9	236	
5/15/1985	23.0	14.0	18.6	240	
5/16/1985	23.0	14.0	15.0	133	
5/17/1985	21.0	14.0	19.2	244	
5/18/1985	22.0	15.0	17.7	151	
5/19/1985	23.0	15.0	17.7	213	
5/20/1985	21.0	14.0	17.8	147	
5/21/1985	21.0	18.0	19.3	80	
5/22/1985	22.0	15.0	17.7	138	
5/23/1985	15.0	14.0	14.7	138	
5/24/1985	21.0	15.0	17.4	227	
5/25/1985	20.0	15.0	17.3	231	
5/26/1985	21.0	16.0	18.6	169	
5/27/1985	23.0	14.0	18.7	178	
5/28/1985	20.0	14.0	16.7	31	
5/29/1985	20.0	13.0	16.6	129	
5/30/1985	19.0	14.0	17.4	116	
5/31/1985	21.0	13.0	16.8	116	
6/1/1985	15.0	13.0	14.2	116	
6/2/1985	15.0	13.0	14.2	116	
6/3/1985	19.0	14.0	16.1	111	
6/4/1985	20.0	16.0	18.0	164	
6/5/1985	21.0	13.0	17.2	160	
6/6/1985	23.0	17.0	20.0	249	
6/7/1985	21.0	16.0	19.3	124	
6/8/1985	21.0	9.0	14.3	98	
6/9/1985	29.0	15.0	19.0	169	
6/10/1985	22.0	14.0	18.0	222	
6/11/1985	24.0	19.0	22.0	258	
6/12/1985	23.0	15.0	18.6	258	
6/13/1985	23.0	11.0	17.1	111	
6/14/1985	23.0	15.0	18.4	138	
6/15/1985	15.0	13.0	14.3	138	
6/16/1985	15.0	13.0	14.3	138	
6/17/1985	22.0	10.0	16.0	76	
6/18/1985	18.0	14.0	15.7	182	
6/19/1985	18.0	14.0	15.7	182	
6/20/1985	18.0	14.0	15.7	182	
6/21/1985	18.0	14.0	15.7	182	
6/22/1985	18.0	14.0	15.7	182	
6/23/1985	21.0	8.0	14.5	267	
6/24/1985	21.0	13.0	17.2	133	
6/25/1985	21.0	13.0	17.1	107	
6/26/1985	20.0	13.0	16.9	196	
6/27/1985	20.0	14.0	16.6	107	
6/28/1985	16.0	13.0	13.4	151	
6/29/1985	19.0	13.0	15.1	182	
6/30/1985	17.0	16.0	16.5	267	
7/1/1985	20.0	12.0	16.2	267	
7/2/1985	20.0	12.0	16.9	204	
7/3/1985	19.0	14.0	16.3	160	
7/4/1985	22.0	13.0	15.9	236	
7/5/1985	20.0	12.0	14.9	253	
7/6/1985	21.0	13.0	15.3	160	
7/7/1985	21.0	13.0	15.3	160	
7/8/1985	22.0	12.0	17.0	253	
7/9/1985	22.0	13.0	15.8	151	
7/10/1985	18.0	12.0	14.5	173	
7/11/1985	21.0	13.0	17.8	196	
7/12/1985	22.0	9.0	13.8	80	
7/13/1985	19.0	9.0	13.6	49	
7/14/1985	17.0	13.0	14.2	142	
7/15/1985	20.0	12.0	14.2	124	
7/16/1985	20.0	12.0	15.6	98	
7/17/1985	20.0	11.0	14.5	80	
7/18/1985	21.0	9.0	14.3	116	
7/19/1985	22.0	13.0	18.2	293	
7/20/1985	17.0	14.0	15.8	240	
7/21/1985	19.0	14.0	17.0	200	
7/22/1985	23.0	8.0	16.3	204	
7/23/1985	22.0	18.0	20.0	236	
7/24/1985	22.0	18.0	20.0	236	
7/25/1985	21.0	14.0	17.8	76	
7/26/1985	21.0	14.0	17.8	76	
7/27/1985	18.0	13.0	15.7	58	
7/28/1985	18.0	13.0	15.7	58	
7/29/1985	18.0	13.0	15.7	58	
7/30/1985	18.0	13.0	15.7	58	
7/31/1985	17.0	14.0	15.3	58	
8/1/1985	19.0	14.0	17.1	116	
8/2/1985	18.0	16.0	16.8	133	
8/3/1985	21.0	12.0	17.5	231	
8/4/1985	21.0	15.0	18.1	378	
8/5/1985	21.0	15.0	18.1	378	
8/6/1985	24.0	6.0	18.4	187	
8/7/1985	23.0	15.0	19.5	200	
8/8/1985	20.0	18.0	19.0	111	
8/9/1985	17.0	13.0	15.0	111	
8/10/1985	19.0	14.0	16.8	124	
8/11/1985	19.0	14.0	16.7	213	
8/12/1985	21.0	12.0	17.0	124	
8/13/1985	17.0	14.0	16.0	231	
8/14/1985	20.0	14.0	17.0	142	
8/15/1985	20.0	14.0	17.0	142	
8/16/1985	22.0	12.0	17.4	249	
8/17/1985	23.0	13.0	17.5	169	
8/18/1985	23.0	13.0	17.5	169	
8/19/1985	21.0	12.0	16.8	173	
8/20/1985	22.0	11.0	16.2	285	
8/21/1985	18.0	11.0	13.9	182	
8/22/1985	19.0	14.0	15.6	120	
8/23/1985	17.0	13.0	14.9	93	
8/24/1985	19.0	13.0	17.0	307	
8/25/1985	20.0	13.0	18.0	169	
8/26/1985	21.0	13.0	16.8	89	
8/27/1985	19.0	11.0	15.8	276	
8/28/1985	19.0	16.0	17.2	222	
8/29/1985	21.0	12.0	16.7	124	
8/30/1985	24.0	12.0	18.3	271	
8/31/1985	23.0	12.0	18.6	249	
9/1/1985	20.0	15.0	17.5	187	
9/2/1985	17.0	13.0	15.6	133	
9/3/1985	23.0	13.0	18.4	244	
9/4/1985	23.0	12.0	17.5	120	
9/5/1985	25.0	15.0	19.6	147	
9/6/1985	23.0	15.0	22.0	231	
9/7/1985	19.0	13.0	16.6	164	
9/8/1985	21.0	16.0	19.0	276	
9/9/1985	18.0	13.0	16.2	244	
9/10/1985	21.0	13.0	16.5	169	
9/11/1985	24.0	13.0	18.7	124	
9/12/1985	27.0	13.0	19.8	293	
9/13/1985	27.0	13.0	19.8	293	
9/14/1985	25.0	13.0	21.2	276	
9/15/1985	25.0	14.0	19.5	191	
9/16/1985	25.0	19.0	22.0	307	
9/17/1985	21.0	16.0	18.4	222	
9/18/1985	23.0	14.0	17.8	156	
9/19/1985	25.0	14.0	19.4	204	
9/20/1985	25.0	14.0	19.4	204	
9/21/1985	20.0	13.0	16.8	138	
9/22/1985	21.0	15.0	19.7	307	
9/23/1985	19.0	13.0	15.5	191	
9/24/1985	24.0	13.0	18.0	178	
9/25/1985	24.0	13.0	17.8	227	
9/26/1985	25.0	13.0	18.3	271	
9/27/1985	23.0	13.0	18.2	329	
9/28/1985	23.0	13.0	18.2	329	
9/29/1985	25.0	13.0	18.6	382	
9/30/1985	29.0	15.0	19.8	365	
10/1/1985	25.0	13.0	19.0	324	
10/2/1985	25.0	20.0	23.5	333	
10/3/1985	25.0	14.0	18.4	169	
10/4/1985	25.0	14.0	18.4	169	
10/5/1985	25.0	13.0	19.1	178	
10/6/1985	25.0	13.0	19.5	231	
10/7/1985	25.0	14.0	18.9	307	
10/8/1985	18.0	13.0	15.5	58	
10/9/1985	25.0	15.0	20.4	289	
10/10/1985	18.0	14.0	15.7	187	
10/11/1985	23.0	12.0	17.3	133	
10/12/1985	23.0	13.0	18.6	280	
10/13/1985	25.0	12.0	20.2	356	
10/14/1985	23.0	13.0	17.6	276	
10/15/1985	25.0	14.0	19.1	307	
10/16/1985	25.0	14.0	20.0	360	
10/17/1985	24.0	15.0	18.8	378	
10/18/1985	25.0	14.0	17.2	160	
10/19/1985	24.0	14.0	19.4	338	
10/20/1985	21.0	14.0	16.9	351	
10/21/1985	25.0	15.0	19.8	351	
10/22/1985	25.0	14.0	19.6	356	
10/23/1985	23.0	15.0	18.0	302	
10/24/1985	19.0	15.0	16.5	373	
10/25/1985	19.0	13.0	16.8	360	
10/26/1985	23.0	14.0	19.0	391	
10/27/1985	20.0	16.0	17.8	360	
10/28/1985	16.0	15.0	15.2	378	
10/29/1985	22.0	14.0	16.9	458	
10/30/1985	22.0	16.0	18.4	400	
10/31/1985	24.0	16.0	19.2	471	
11/1/1985	21.0	15.0	16.6	431	
11/2/1985	24.0	16.0	19.1	391	
11/3/1985	24.0	15.0	18.0	311	
11/4/1985	19.0	16.0	17.1	271	
11/5/1985	20.0	15.0	15.9	58	
11/6/1985	22.0	15.0	16.7	138	
11/7/1985	23.0	15.0	16.6	76	
11/8/1985	20.0	15.0	16.5	107	
11/9/1985	22.0	15.0	17.6	236	
11/10/1985	21.0	15.0	17.0	244	
11/11/1985	23.0	16.0	18.3	111	
11/12/1985	23.0	15.0	19.8	271	
11/13/1985	24.0	15.0	21.2	285	
11/14/1985	23.0	14.0	17.7	156	
11/15/1985	24.0	15.0	19.0	209	
11/16/1985	24.0	14.0	18.3	236	
11/17/1985	23.0	15.0	19.5	307	
11/18/1985	22.0	15.0	16.9	262	
11/19/1985	18.0	15.0	16.3	160	
11/20/1985	27.0	15.0	18.6	200	
11/21/1985	28.0	15.0	18.4	338	
11/22/1985	20.0	15.0	16.7	404	
11/23/1985	20.0	15.0	16.7	453	
11/24/1985	20.0	13.0	15.9	249	
11/25/1985	22.0	14.0	16.7	196	
11/26/1985	23.0	15.0	17.8	169	
11/27/1985	23.0	15.0	17.9	333	
11/28/1985	23.0	16.0	19.2	356	
11/29/1985	23.0	15.0	20.1	404	
11/30/1985	19.0	15.0	16.9	258	
12/1/1985	21.0	15.0	17.0	387	
12/2/1985	21.0	15.0	15.7	253	
12/3/1985	20.0	15.0	16.1	267	
12/4/1985	22.0	15.0	17.0	271	
12/5/1985	22.0	15.0	18.2	196	
12/6/1985	23.0	15.0	18.0	320	
12/7/1985	22.0	15.0	17.4	418	
12/8/1985	22.0	15.0	17.3	342	
12/9/1985	22.0	14.0	17.1	262	
12/10/1985	23.0	14.0	16.9	262	
12/11/1985	23.0	16.0	19.2	369	
12/12/1985	23.0	15.0	17.9	298	
12/13/1985	21.0	15.0	17.2	311	
12/14/1985	22.0	15.0	17.4	365	
12/15/1985	19.0	13.0	15.3	151	
12/16/1985	24.0	16.0	20.1	365	
12/17/1985	23.0	16.0	18.8	324	
12/18/1985	25.0	15.0	18.8	231	
12/19/1985	26.0	15.0	22.0	289	
12/20/1985	17.0	16.0	16.8	124	
12/21/1985	25.0	15.0	19.2	249	
12/22/1985	22.0	15.0	18.3	338	
12/23/1985	23.0	14.0	17.4	378	
12/24/1985	20.0	14.0	16.3	293	
12/25/1985	25.0	15.0	20.5	267	
12/26/1985	17.0	12.0	14.3	267	
12/27/1985	17.0	12.0	14.3	267	
12/28/1985	17.0	12.0	14.3	267	
12/29/1985	23.0	13.0	18.4	382	
12/30/1985	22.0	11.0	18.2	276	
12/31/1985	23.0	13.0	18.0	209	
1/1/1986	22.0	13.0	16.2	116	
1/2/1986	23.0	14.0	18.1	209	
1/3/1986	24.0	11.0	17.9	169	
1/4/1986	24.0	13.0	17.5	124	
1/5/1986	25.0	14.0	18.6	156	
1/6/1986	25.0	14.0	18.6	156	
1/7/1986	25.0	14.0	18.6	156	
1/8/1986	26.0	17.0	20.7	227	
1/9/1986	19.0	13.0	15.8	13	
1/10/1986	25.0	14.0	19.3	222	
1/11/1986	24.0	14.0	18.9	76	
1/12/1986	24.0	17.0	19.0	44	
1/13/1986	26.0	14.0	17.8	84	
1/14/1986	25.0	15.0	18.5	84	
1/15/1986	26.0	18.0	22.5	84	
1/16/1986	29.0	21.0	24.6	253	
1/17/1986	22.0	12.0	17.3	178	
1/18/1986	24.0	15.0	16.8	187	
1/19/1986	19.0	14.0	16.6	218	
1/20/1986	26.0	15.0	19.8	276	
1/21/1986	26.0	16.0	20.1	280	
1/22/1986	25.0	19.0	21.7	471	
1/23/1986	25.0	19.0	21.7	471	
1/24/1986	27.0	13.0	18.2	213	
1/25/1986	27.0	13.0	18.2	213	
1/26/1986	27.0	13.0	18.2	213	
1/27/1986	27.0	13.0	18.2	213	
1/28/1986	27.0	13.0	18.2	213	
1/29/1986	27.0	13.0	18.2	213	
1/30/1986	27.0	13.0	18.2	213	
1/31/1986	27.0	13.0	18.2	213	
2/1/1986	21.0	15.0	16.4	107	
2/2/1986	22.0	13.0	18.0	222	
2/3/1986	27.0	15.0	21.0	369	
2/4/1986	27.0	16.0	21.1	387	
2/5/1986	26.0	16.0	20.2	311	
2/6/1986	26.0	15.0	20.5	227	
2/7/1986	23.0	11.0	15.4	53	
2/8/1986	27.0	12.0	21.7	178	
2/9/1986	27.0	12.0	21.7	178	
2/10/1986	28.0	10.0	21.4	338	
2/11/1986	28.0	10.0	21.4	338	
2/12/1986	28.0	10.0	21.4	338	
2/13/1986	28.0	11.0	22.0	222	
2/14/1986	27.0	17.0	22.3	436	
2/15/1986	27.0	15.0	15.5	67	
2/16/1986	24.0	14.0	18.0	164	
2/17/1986	27.0	15.0	21.6	271	
2/18/1986	27.0	13.0	19.2	222	
2/19/1986	27.0	13.0	22.1	307	
2/20/1986	27.0	13.0	22.1	307	
2/21/1986	25.0	13.0	19.3	302	
2/22/1986	26.0	15.0	20.5	285	
2/23/1986	26.0	14.0	19.9	280	
2/24/1986	28.0	13.0	21.2	258	
2/25/1986	27.0	15.0	21.8	324	
2/26/1986	25.0	15.0	18.3	271	
2/27/1986	27.0	14.0	20.5	209	
2/28/1986	28.0	17.0	24.4	413	
3/1/1986	26.0	18.0	22.8	333	
3/2/1986	28.0	17.0	23.4	356	
3/3/1986	27.0	18.0	22.8	347	
3/4/1986	27.0	16.0	20.9	333	
3/5/1986	25.0	16.0	19.0	271	
3/6/1986	25.0	15.0	17.9	316	
3/7/1986	22.0	15.0	18.3	333	
3/8/1986	27.0	14.0	22.0	329	
3/9/1986	26.0	19.0	22.8	285	
3/10/1986	26.0	19.0	22.8	285	
3/11/1986	26.0	19.0	22.8	285	
3/12/1986	27.0	21.0	24.3	511	
3/13/1986	28.0	23.0	25.8	458	
3/14/1986	28.0	23.0	25.8	458	
3/15/1986	29.0	23.0	26.2	445	
3/16/1986	26.0	17.0	22.2	209	
3/17/1986	19.0	14.0	16.5	244	
3/18/1986	25.0	12.0	19.4	320	
3/19/1986	27.0	17.0	22.3	276	
3/20/1986	26.0	15.0	21.4	360	
3/21/1986	22.0	15.0	17.6	244	
3/22/1986	22.0	14.0	18.2	409	
3/23/1986	23.0	14.0	19.2	382	
3/24/1986	24.0	10.0	19.2	267	
3/25/1986	23.0	11.0	16.0	124	
3/26/1986	21.0	16.0	17.9	271	
3/27/1986	24.0	15.0	19.5	276	
3/28/1986	24.0	15.0	19.5	276	
3/29/1986	24.0	15.0	19.5	276	
3/30/1986	24.0	16.0	19.2	418	
3/31/1986	23.0	15.0	19.2	285	
4/1/1986	25.0	16.0	18.9	276	
4/2/1986	25.0	16.0	18.9	276	
4/3/1986	25.0	16.0	18.9	276	
4/4/1986	25.0	16.0	20.9	409	
4/5/1986	25.0	16.0	20.7	378	
4/6/1986	25.0	17.0	21.6	378	
4/7/1986	19.0	14.0	16.5	249	
4/8/1986	24.0	15.0	19.4	253	
4/9/1986	23.0	16.0	18.9	258	
4/10/1986	24.0	15.0	18.4	227	
4/11/1986	23.0	15.0	20.1	342	
4/12/1986	24.0	15.0	18.9	338	
4/13/1986	19.0	16.0	17.4	285	
4/14/1986	22.0	14.0	17.3	360	
4/15/1986	28.0	15.0	18.7	431	
4/16/1986	20.0	14.0	16.9	378	
4/17/1986	20.0	13.0	16.9	222	
4/18/1986	23.0	18.0	19.7	276	
4/19/1986	23.0	16.0	19.4	218	
4/20/1986	23.0	16.0	19.3	173	
4/21/1986	24.0	16.0	19.5	244	
4/22/1986	23.0	17.0	20.4	253	
4/23/1986	22.0	16.0	19.0	164	
4/24/1986	21.0	15.0	17.6	178	
4/25/1986	22.0	15.0	18.4	98	
4/26/1986	23.0	16.0	19.3	111	
4/27/1986	23.0	16.0	19.8	209	
4/28/1986	22.0	15.0	18.8	178	
4/29/1986	20.0	15.0	17.2	98	
4/30/1986	30.0	15.0	19.7	71	
5/1/1986	24.0	15.0	18.3	147	
5/2/1986	24.0	15.0	18.3	147	
5/3/1986	24.0	15.0	18.3	147	
5/4/1986	24.0	15.0	18.3	147	
5/5/1986	24.0	15.0	18.3	147	
5/6/1986	23.0	15.0	19.2	76	
5/7/1986	22.0	14.0	17.4	107	
5/8/1986	19.0	15.0	16.7	151	
5/9/1986	22.0	15.0	17.7	258	
5/10/1986	22.0	15.0	18.8	156	
5/11/1986	23.0	15.0	18.8	222	
5/12/1986	22.0	14.0	18.4	204	
5/13/1986	22.0	14.0	18.4	204	
5/14/1986	22.0	15.0	19.2	160	
5/15/1986	22.0	17.0	19.6	218	
5/16/1986	22.0	15.0	18.5	129	
5/17/1986	22.0	15.0	18.4	213	
5/18/1986	22.0	15.0	17.7	182	
5/19/1986	20.0	15.0	16.9	213	
5/20/1986	21.0	14.0	17.2	178	
5/21/1986	22.0	15.0	18.3	333	
5/22/1986	21.0	14.0	17.1	169	
5/23/1986	21.0	14.0	17.1	169	
5/24/1986	19.0	14.0	17.0	213	
5/25/1986	18.0	15.0	16.1	160	
5/26/1986	21.0	13.0	16.4	204	
5/27/1986	21.0	13.0	17.2	191	
5/28/1986	18.0	14.0	16.1	138	
5/29/1986	18.0	14.0	16.1	138	
5/30/1986	20.0	14.0	15.7	191	
5/31/1986	21.0	11.0	17.7	196	
6/1/1986	21.0	15.0	17.7	160	
6/2/1986	21.0	14.0	17.7	142	
6/3/1986	21.0	17.0	19.2	209	
6/4/1986	21.0	17.0	19.2	209	
6/5/1986	23.0	18.0	20.5	209	
6/6/1986	23.0	18.0	20.5	209	
6/7/1986	20.0	15.0	18.5	156	
6/8/1986	18.0	13.0	15.0	98	
6/9/1986	22.0	13.0	18.1	240	
6/10/1986	17.0	12.0	14.5	22	
6/11/1986	21.0	14.0	18.2	120	
6/12/1986	20.0	16.0	18.3	191	
6/13/1986	20.0	16.0	18.3	191	
6/14/1986	23.0	14.0	18.2	156	
6/15/1986	22.0	13.0	19.5	253	
6/16/1986	19.0	13.0	15.6	160	
6/17/1986	18.0	12.0	15.7	27	
6/18/1986	18.0	12.0	15.7	27	
6/19/1986	20.0	16.0	17.8	169	
6/20/1986	20.0	16.0	17.8	169	
6/21/1986	20.0	16.0	17.8	169	
6/22/1986	20.0	16.0	17.8	169	
6/23/1986	15.0	14.0	14.5	147	
6/24/1986	17.0	16.0	16.8	124	
6/25/1986	17.0	16.0	16.8	124	
6/26/1986	19.0	17.0	18.0	133	
6/27/1986	22.0	12.0	16.7	44	
6/28/1986	21.0	8.0	14.9	102	
6/29/1986	16.0	10.0	14.5	27	
6/30/1986	17.0	13.0	14.6	36	
7/1/1986	21.0	13.0	17.0	58	
7/2/1986	21.0	13.0	17.0	58	
7/3/1986	17.0	11.0	13.4	58	
7/4/1986	17.0	11.0	13.4	58	
7/5/1986	17.0	11.0	13.4	58	
7/6/1986	17.0	13.0	14.8	124	
7/7/1986	21.0	11.0	14.4	18	
7/8/1986	19.0	9.0	14.7	147	
7/9/1986	21.0	15.0	18.2	124	
7/10/1986	21.0	10.0	16.0	62	
7/11/1986	22.0	13.0	15.8	89	
7/12/1986	23.0	10.0	17.9	27	
7/13/1986	21.0	13.0	16.7	160	
7/14/1986	22.0	13.0	16.4	62	
7/15/1986	22.0	13.0	16.7	120	
7/16/1986	21.0	13.0	16.4	89	
7/17/1986	24.0	16.0	20.0	204	
7/18/1986	22.0	9.0	18.7	204	
7/19/1986	22.0	9.0	18.7	204	
7/20/1986	21.0	7.0	15.3	98	
7/21/1986	19.0	11.0	14.1	89	
7/22/1986	19.0	12.0	15.5	147	
7/23/1986	19.0	12.0	15.5	147	
7/24/1986	19.0	12.0	15.5	147	
7/25/1986	21.0	16.0	19.0	240	
7/26/1986	21.0	9.0	14.3	129	
7/27/1986	16.0	12.0	14.2	98	
7/28/1986	20.0	13.0	17.0	156	
7/29/1986	17.0	14.0	15.0	44	
7/30/1986	20.0	13.0	14.4	116	
7/31/1986	18.0	12.0	14.7	98	
8/1/1986	18.0	12.0	14.7	98	
8/2/1986	18.0	12.0	14.7	98	
8/3/1986	18.0	12.0	14.7	98	
8/4/1986	21.0	9.0	15.0	147	
8/5/1986	21.0	11.0	18.4	213	
8/6/1986	24.0	12.0	17.3	276	
8/7/1986	23.0	13.0	17.2	222	
8/8/1986	24.0	9.0	17.0	164	
8/9/1986	19.0	8.0	13.4	89	
8/10/1986	25.0	13.0	19.6	133	
8/11/1986	25.0	12.0	18.3	178	
8/12/1986	21.0	11.0	15.3	89	
8/13/1986	23.0	7.0	15.9	111	
8/14/1986	23.0	15.0	19.8	209	
8/15/1986	24.0	11.0	17.5	142	
8/16/1986	22.0	10.0	15.8	196	
8/17/1986	21.0	12.0	16.4	276	
8/18/1986	20.0	13.0	16.5	204	
8/19/1986	22.0	20.0	21.3	409	
8/20/1986	20.0	11.0	15.6	187	
8/21/1986	19.0	10.0	14.2	102	
8/22/1986	23.0	14.0	19.0	338	
8/23/1986	23.0	17.0	21.5	311	
8/24/1986	21.0	14.0	18.2	271	
8/25/1986	24.0	14.0	21.4	240	
8/26/1986	24.0	14.0	20.7	209	
8/27/1986	24.0	14.0	20.7	209	
8/28/1986	24.0	14.0	20.7	209	
8/29/1986	22.0	14.0	18.0	164	
8/30/1986	23.0	13.0	19.7	213	
8/31/1986	22.0	10.0	16.2	151	
9/1/1986	17.0	13.0	14.4	178	
9/2/1986	19.0	16.0	17.8	356	
9/3/1986	20.0	12.0	15.2	356	
9/4/1986	14.0	12.0	12.8	67	
9/5/1986	22.0	12.0	16.0	196	
9/6/1986	23.0	13.0	18.5	178	
9/7/1986	23.0	13.0	18.5	178	
9/8/1986	23.0	13.0	18.5	178	
9/9/1986	26.0	17.0	23.2	333	
9/10/1986	25.0	16.0	20.5	169	
9/11/1986	25.0	16.0	20.5	169	
9/12/1986	25.0	16.0	20.5	169	
9/13/1986	22.0	14.0	18.9	147	
9/14/1986	22.0	14.0	18.9	147	
9/15/1986	20.0	15.0	17.9	164	
9/16/1986	20.0	13.0	15.9	44	
9/17/1986	23.0	15.0	19.2	160	
9/18/1986	19.0	15.0	17.6	258	
9/19/1986	24.0	15.0	20.0	240	
9/20/1986	21.0	13.0	16.8	31	
9/21/1986	23.0	14.0	19.5	227	
9/22/1986	25.0	14.0	19.4	316	
9/23/1986	25.0	19.0	23.2	356	
9/24/1986	27.0	19.0	23.5	276	
9/25/1986	27.0	14.0	22.2	271	
9/26/1986	28.0	12.0	20.7	147	
9/27/1986	26.0	15.0	19.0	178	
9/28/1986	25.0	12.0	20.2	218	
9/29/1986	20.0	12.0	15.8	218	
9/30/1986	24.0	14.0	18.7	156	
10/1/1986	24.0	13.0	18.1	156	
10/2/1986	25.0	14.0	18.2	240	
10/3/1986	27.0	16.0	22.5	276	
10/4/1986	25.0	15.0	17.8	102	
10/5/1986	24.0	15.0	20.4	276	
10/6/1986	26.0	15.0	20.2	258	
10/7/1986	26.0	14.0	19.3	209	
10/8/1986	28.0	13.0	21.1	231	
10/9/1986	25.0	20.0	23.0	356	
10/10/1986	21.0	15.0	17.0	98	
10/11/1986	24.0	15.0	19.0	213	
10/12/1986	25.0	15.0	20.1	244	
10/13/1986	23.0	15.0	17.7	289	
10/14/1986	20.0	15.0	17.5	164	
10/15/1986	24.0	13.0	18.2	204	
10/16/1986	23.0	16.0	20.2	307	
10/17/1986	25.0	19.0	22.6	373	
10/18/1986	26.0	14.0	21.6	298	
10/19/1986	26.0	14.0	21.6	298	
10/20/1986	25.0	15.0	21.1	329	
10/21/1986	27.0	14.0	20.0	187	
10/22/1986	26.0	16.0	20.0	378	
10/23/1986	21.0	15.0	16.8	160	
10/24/1986	24.0	16.0	20.2	404	
10/25/1986	24.0	16.0	20.8	244	
10/26/1986	24.0	15.0	18.7	169	
10/27/1986	25.0	15.0	20.8	222	
10/28/1986	25.0	16.0	20.0	307	
10/29/1986	25.0	17.0	21.2	347	
10/30/1986	25.0	15.0	19.4	267	
10/31/1986	26.0	15.0	19.3	236	
11/1/1986	22.0	15.0	17.0	76	
11/2/1986	24.0	15.0	18.8	218	
11/3/1986	22.0	17.0	19.2	293	
11/4/1986	23.0	15.0	17.9	129	
11/5/1986	20.0	15.0	16.3	196	
11/6/1986	23.0	16.0	19.8	244	
11/7/1986	22.0	15.0	18.4	240	
11/8/1986	24.0	16.0	19.2	142	
11/9/1986	25.0	13.0	17.3	93	
11/10/1986	26.0	15.0	20.3	178	
11/11/1986	24.0	15.0	19.1	200	
11/12/1986	20.0	15.0	17.3	191	
11/13/1986	20.0	15.0	16.7	84	
11/14/1986	20.0	14.0	16.1	218	
11/15/1986	22.0	14.0	17.4	267	
11/16/1986	22.0	14.0	17.6	271	
11/17/1986	21.0	15.0	16.7	164	
11/18/1986	18.0	14.0	15.7	213	
11/19/1986	18.0	14.0	15.7	213	
11/20/1986	22.0	17.0	19.8	311	
11/21/1986	22.0	17.0	19.8	311	
11/22/1986	21.0	15.0	19.2	347	
11/23/1986	21.0	15.0	19.2	347	
11/24/1986	23.0	17.0	20.2	382	
11/25/1986	23.0	15.0	17.6	285	
11/26/1986	16.0	15.0	15.5	365	
11/27/1986	21.0	17.0	20.0	413	
11/28/1986	21.0	17.0	20.0	413	
11/29/1986	21.0	17.0	20.0	413	
11/30/1986	20.0	14.0	16.8	329	
12/1/1986	22.0	19.0	20.4	391	
12/2/1986	23.0	15.0	19.3	253	
12/3/1986	23.0	17.0	19.7	373	
12/4/1986	23.0	17.0	22.2	373	
12/5/1986	25.0	16.0	19.8	187	
12/6/1986	24.0	17.0	19.8	44	
12/7/1986	24.0	17.0	19.8	44	
12/8/1986	24.0	17.0	19.8	44	
12/9/1986	22.0	12.0	18.3	209	
12/10/1986	22.0	12.0	18.3	209	
12/11/1986	16.0	15.0	15.2	209	
12/12/1986	23.0	13.0	19.5	156	
12/13/1986	23.0	13.0	19.5	156	
12/14/1986	23.0	13.0	19.5	156	
12/15/1986	23.0	13.0	19.5	156	
12/16/1986	23.0	13.0	19.5	156	
12/17/1986	23.0	13.0	19.5	156	
12/18/1986	23.0	13.0	19.5	156	
12/19/1986	23.0	15.0	20.0	404	
12/20/1986	23.0	15.0	19.1	289	
12/21/1986	17.0	15.0	15.8	151	
12/22/1986	24.0	16.0	20.8	409	
12/23/1986	24.0	16.0	19.3	369	
12/24/1986	21.0	16.0	18.0	302	
12/25/1986	22.0	16.0	18.5	244	
12/26/1986	24.0	12.0	18.2	178	
12/27/1986	24.0	12.0	18.2	178	
12/28/1986	24.0	12.0	18.2	178	
12/29/1986	24.0	17.0	21.8	311	
12/30/1986	24.0	19.0	21.8	333	
12/31/1986	22.0	16.0	19.3	249	
1/1/1987	20.0	17.0	18.5	200	
1/2/1987	25.0	15.0	19.7	151	
1/3/1987	25.0	15.0	19.7	151	
1/4/1987	19.0	15.0	16.6	89	
1/5/1987	19.0	15.0	16.6	89	
1/6/1987	19.0	15.0	16.6	89	
1/7/1987	25.0	16.0	19.9	209	
1/8/1987	25.0	16.0	20.1	204	
1/9/1987	23.0	16.0	20.1	356	
1/10/1987	23.0	15.0	18.8	227	
1/11/1987	22.0	18.0	20.8	262	
1/12/1987	22.0	18.0	20.8	262	
1/13/1987	24.0	17.0	20.5	222	
1/14/1987	24.0	17.0	20.5	222	
1/15/1987	24.0	17.0	20.5	222	
1/16/1987	20.0	16.0	17.2	227	
1/17/1987	22.0	14.0	18.4	213	
1/18/1987	23.0	16.0	20.7	387	
1/19/1987	22.0	15.0	18.6	222	
1/20/1987	23.0	21.0	21.8	356	
1/21/1987	23.0	21.0	21.8	356	
1/22/1987	25.0	17.0	21.5	342	
1/23/1987	25.0	17.0	21.5	342	
1/24/1987	25.0	21.0	23.0	365	
1/25/1987	26.0	20.0	24.6	311	
1/26/1987	26.0	20.0	24.6	311	
1/27/1987	26.0	20.0	24.6	311	
1/28/1987	26.0	20.0	24.6	311	
1/29/1987	24.0	18.0	21.3	311	
1/30/1987	24.0	18.0	21.3	311	
1/31/1987	23.0	19.0	21.0	387	
2/1/1987	24.0	19.0	22.0	267	
2/2/1987	26.0	16.0	22.1	222	
2/3/1987	26.0	16.0	22.1	222	
2/4/1987	27.0	22.0	25.2	107	
2/5/1987	27.0	19.0	23.0	231	
2/6/1987	24.0	19.0	21.8	280	
2/7/1987	22.0	21.0	21.5	320	
2/8/1987	24.0	17.0	20.2	147	
2/9/1987	24.0	18.0	21.2	249	
2/10/1987	24.0	18.0	21.2	249	
2/11/1987	27.0	21.0	24.2	249	
2/12/1987	27.0	17.0	22.6	329	
2/13/1987	27.0	22.0	25.0	493	
2/14/1987	26.0	21.0	24.0	645	
2/15/1987	26.0	13.0	19.1	200	
2/16/1987	27.0	14.0	21.7	289	
2/17/1987	28.0	20.0	24.8	480	
2/18/1987	28.0	14.0	23.0	89	
2/19/1987	28.0	14.0	23.0	89	
2/20/1987	28.0	14.0	23.0	89	
2/21/1987	26.0	22.0	24.7	458	
2/22/1987	25.0	22.0	24.5	533	
2/23/1987	25.0	19.0	23.3	533	
2/24/1987	25.0	19.0	23.3	533	
2/25/1987	25.0	19.0	23.3	533	
2/26/1987	26.0	10.0	21.6	276	
2/27/1987	28.0	14.0	23.2	342	
2/28/1987	27.0	20.0	23.5	369	
3/1/1987	27.0	16.0	22.5	356	
3/2/1987	27.0	16.0	22.5	356	
3/3/1987	28.0	15.0	21.3	311	
3/4/1987	29.0	22.0	25.8	289	
3/5/1987	29.0	13.0	23.0	160	
3/6/1987	29.0	17.0	24.0	338	
3/7/1987	28.0	21.0	25.0	369	
3/8/1987	28.0	18.0	24.3	311	
3/9/1987	28.0	18.0	24.3	311	
3/10/1987	23.0	17.0	19.9	129	
3/11/1987	23.0	17.0	19.9	129	
3/12/1987	26.0	19.0	23.3	578	
3/13/1987	27.0	22.0	25.5	436	
3/14/1987	27.0	22.0	25.5	436	
3/15/1987	25.0	16.0	20.8	289	
3/16/1987	26.0	17.0	21.5	147	
3/17/1987	25.0	16.0	21.8	538	
3/18/1987	25.0	16.0	20.2	422	
3/19/1987	26.0	22.0	24.4	293	
3/20/1987	26.0	19.0	23.0	222	
3/21/1987	27.0	21.0	24.8	267	
3/22/1987	26.0	21.0	23.8	422	
3/23/1987	27.0	14.0	22.7	471	
3/24/1987	26.0	20.0	23.7	489	
3/25/1987	26.0	13.0	22.0	356	
3/26/1987	27.0	21.0	24.0	422	
3/27/1987	26.0	18.0	23.0	365	
3/28/1987	27.0	18.0	23.5	311	
3/29/1987	27.0	16.0	22.0	356	
3/30/1987	26.0	16.0	22.3	324	
3/31/1987	28.0	12.0	22.6	333	
4/1/1987	28.0	11.0	21.6	302	
4/2/1987	27.0	15.0	21.6	298	
4/3/1987	28.0	15.0	24.7	320	
4/4/1987	29.0	13.0	25.0	249	
4/5/1987	29.0	13.0	21.4	236	
4/6/1987	22.0	19.0	20.5	84	
4/7/1987	22.0	19.0	20.5	84	
4/8/1987	21.0	18.0	19.4	222	
4/9/1987	21.0	18.0	19.4	222	
4/10/1987	21.0	18.0	19.4	222	
4/11/1987	25.0	18.0	22.7	342	
4/12/1987	23.0	17.0	19.4	262	
4/13/1987	23.0	16.0	18.8	409	
4/14/1987	22.0	15.0	19.0	320	
4/15/1987	24.0	15.0	20.2	271	
4/16/1987	24.0	13.0	20.4	222	
4/17/1987	25.0	15.0	21.9	222	
4/18/1987	25.0	17.0	21.6	164	
4/19/1987	25.0	17.0	21.6	164	
4/20/1987	24.0	17.0	20.9	329	
4/21/1987	23.0	18.0	21.2	391	
4/22/1987	23.0	15.0	19.0	267	
4/23/1987	23.0	19.0	21.3	467	
4/24/1987	23.0	19.0	20.8	333	
4/25/1987	23.0	16.0	20.0	271	
4/26/1987	24.0	16.0	19.2	231	
4/27/1987	24.0	18.0	21.0	302	
4/28/1987	23.0	17.0	19.2	209	
4/29/1987	25.0	17.0	21.2	178	
4/30/1987	23.0	16.0	18.9	133	
5/1/1987	21.0	16.0	17.9	62	
5/2/1987	22.0	15.0	18.3	80	
5/3/1987	23.0	17.0	19.9	227	
5/4/1987	26.0	15.0	20.6	133	
5/5/1987	26.0	15.0	20.6	133	
5/6/1987	23.0	13.0	17.7	156	
5/7/1987	20.0	13.0	17.0	44	
5/8/1987	24.0	15.0	19.9	280	
5/9/1987	23.0	15.0	18.0	107	
5/10/1987	17.0	15.0	15.8	124	
5/11/1987	17.0	15.0	15.8	124	
5/12/1987	17.0	15.0	15.8	124	
5/13/1987	24.0	17.0	20.8	196	
5/14/1987	24.0	16.0	19.4	124	
5/15/1987	23.0	16.0	18.9	53	
5/16/1987	22.0	16.0	19.9	173	
5/17/1987	22.0	16.0	19.9	173	
5/18/1987	20.0	17.0	18.4	116	
5/19/1987	22.0	16.0	18.5	280	
5/20/1987	23.0	18.0	19.7	280	
5/21/1987	23.0	18.0	19.7	280	
5/22/1987	23.0	18.0	19.7	280	
5/23/1987	22.0	16.0	16.9	280	
5/24/1987	23.0	15.0	18.0	71	
5/25/1987	22.0	14.0	17.2	84	
5/26/1987	24.0	12.0	18.7	169	
5/27/1987	23.0	16.0	17.8	164	
5/28/1987	21.0	15.0	16.8	116	
5/29/1987	24.0	13.0	18.1	102	
5/30/1987	24.0	13.0	18.1	102	
5/31/1987	17.0	15.0	15.9	49	
6/1/1987	23.0	15.0	17.5	49	
6/2/1987	24.0	14.0	18.6	49	
6/3/1987	17.0	15.0	15.4	62	
6/4/1987	17.0	15.0	15.4	62	
6/5/1987	17.0	15.0	15.4	62	
6/6/1987	17.0	15.0	15.4	62	
6/7/1987	21.0	16.0	18.0	156	
6/8/1987	21.0	16.0	18.0	156	
6/9/1987	22.0	13.0	18.2	156	
6/10/1987	19.0	15.0	16.0	44	
6/11/1987	18.0	15.0	16.3	44	
6/12/1987	18.0	15.0	16.5	44	
6/13/1987	18.0	15.0	16.5	44	
6/14/1987	18.0	15.0	16.5	44	
6/15/1987	21.0	17.0	19.3	222	
6/16/1987	20.0	14.0	16.6	84	
6/17/1987	20.0	14.0	17.2	80	
6/18/1987	20.0	14.0	17.0	53	
6/19/1987	19.0	12.0	14.4	76	
6/20/1987	15.0	14.0	14.2	76	
6/21/1987	17.0	15.0	16.3	76	
6/22/1987	19.0	16.0	17.5	67	
6/23/1987	19.0	16.0	17.5	67	
6/24/1987	20.0	17.0	18.8	67	
6/25/1987	22.0	11.0	17.3	84	
6/26/1987	14.0	11.0	12.5	84	
6/27/1987	23.0	12.0	16.1	89	
6/28/1987	20.0	13.0	16.0	89	
6/29/1987	20.0	13.0	16.0	89	
6/30/1987	20.0	13.0	16.0	89	
7/1/1987	22.0	14.0	17.8	89	
7/2/1987	22.0	14.0	17.8	89	
7/3/1987	22.0	14.0	17.8	89	
7/4/1987	22.0	14.0	17.8	89	
7/5/1987	22.0	14.0	17.8	89	
7/6/1987	22.0	14.0	17.8	89	
7/7/1987	22.0	9.0	17.8	89	
7/8/1987	18.0	13.0	15.8	44	
7/9/1987	22.0	16.0	19.0	111	
7/10/1987	22.0	16.0	19.0	111	
7/11/1987	22.0	16.0	19.0	111	
7/12/1987	22.0	16.0	19.0	111	
7/13/1987	21.0	14.0	17.2	76	
7/14/1987	18.0	15.0	16.2	76	
7/15/1987	19.0	13.0	15.3	98	
7/16/1987	19.0	13.0	15.3	98	
7/17/1987	19.0	13.0	15.3	98	
7/18/1987	17.0	12.0	13.8	120	
7/19/1987	19.0	12.0	15.3	36	
7/20/1987	22.0	9.0	15.8	67	
7/21/1987	23.0	10.0	16.3	187	
7/22/1987	18.0	13.0	15.4	93	
7/23/1987	15.0	14.0	14.2	93	
7/24/1987	20.0	14.0	17.2	151	
7/25/1987	20.0	14.0	17.2	151	
7/26/1987	20.0	14.0	17.2	151	
7/27/1987	23.0	13.0	18.4	187	
7/28/1987	22.0	18.0	20.5	289	
7/29/1987	21.0	14.0	16.9	124	
7/30/1987	22.0	13.0	16.7	236	
7/31/1987	23.0	14.0	17.9	209	
8/1/1987	21.0	14.0	18.0	164	
8/2/1987	22.0	15.0	18.3	204	
8/3/1987	21.0	13.0	16.3	258	
8/4/1987	19.0	10.0	13.4	76	
8/5/1987	25.0	9.0	17.4	102	
8/6/1987	24.0	11.0	16.1	138	
8/7/1987	17.0	9.0	12.8	133	
8/8/1987	22.0	12.0	18.5	276	
8/9/1987	22.0	12.0	18.5	276	
8/10/1987	17.0	14.0	14.8	151	
8/11/1987	18.0	13.0	14.3	71	
8/12/1987	20.0	13.0	16.5	62	
8/13/1987	21.0	13.0	15.6	58	
8/14/1987	21.0	15.0	18.3	169	
8/15/1987	15.0	14.0	14.5	89	
8/16/1987	24.0	13.0	17.7	116	
8/17/1987	23.0	13.0	17.6	178	
8/18/1987	19.0	14.0	16.5	58	
8/19/1987	24.0	11.0	17.9	129	
8/20/1987	19.0	13.0	16.0	142	
8/21/1987	18.0	14.0	16.6	262	
8/22/1987	18.0	13.0	15.1	76	
8/23/1987	20.0	13.0	16.2	111	
8/24/1987	22.0	13.0	17.5	89	
8/25/1987	18.0	10.0	13.9	58	
8/26/1987	23.0	12.0	17.2	124	
8/27/1987	23.0	12.0	16.4	53	
8/28/1987	22.0	13.0	18.3	147	
8/29/1987	23.0	14.0	17.0	156	
8/30/1987	21.0	14.0	17.9	151	
8/31/1987	23.0	14.0	18.4	200	
9/1/1987	23.0	14.0	18.0	276	
9/2/1987	24.0	13.0	19.5	227	
9/3/1987	25.0	15.0	19.4	173	
9/4/1987	24.0	14.0	18.4	196	
9/5/1987	26.0	14.0	17.8	178	
9/6/1987	24.0	14.0	16.3	160	
9/7/1987	29.0	13.0	19.3	240	
9/8/1987	22.0	12.0	17.0	138	
9/9/1987	24.0	15.0	20.0	222	
9/10/1987	22.0	15.0	19.1	218	
9/11/1987	23.0	15.0	17.4	71	
9/12/1987	26.0	10.0	19.8	231	
9/13/1987	27.0	14.0	18.0	116	
9/14/1987	24.0	14.0	19.1	209	
9/15/1987	23.0	14.0	18.1	151	
9/16/1987	26.0	13.0	19.3	191	
9/17/1987	23.0	14.0	18.3	147	
9/18/1987	25.0	15.0	19.5	271	
9/19/1987	24.0	16.0	20.4	289	
9/20/1987	25.0	15.0	20.3	293	
9/21/1987	25.0	14.0	18.2	258	
9/22/1987	25.0	14.0	17.8	102	
9/23/1987	27.0	11.0	18.6	142	
9/24/1987	23.0	14.0	19.2	164	
9/25/1987	24.0	16.0	19.8	187	
9/26/1987	25.0	12.0	20.6	178	
9/27/1987	26.0	20.0	22.3	298	
9/28/1987	27.0	16.0	21.2	298	
9/29/1987	24.0	14.0	19.3	276	
9/30/1987	26.0	10.0	18.2	285	
10/1/1987	23.0	14.0	18.2	311	
10/2/1987	24.0	15.0	19.2	302	
10/3/1987	25.0	15.0	19.6	267	
10/4/1987	25.0	14.0	18.8	204	
10/5/1987	24.0	13.0	17.6	156	
10/6/1987	23.0	14.0	17.2	196	
10/7/1987	26.0	14.0	18.2	191	
10/8/1987	26.0	14.0	18.8	191	
10/9/1987	23.0	15.0	19.8	227	
10/10/1987	25.0	15.0	19.3	191	
10/11/1987	26.0	13.0	20.8	138	
10/12/1987	27.0	15.0	21.4	267	
10/13/1987	27.0	11.0	20.2	249	
10/14/1987	28.0	12.0	20.4	173	
10/15/1987	26.0	12.0	19.9	182	
10/16/1987	26.0	18.0	23.0	267	
10/17/1987	27.0	14.0	20.9	244	
10/18/1987	25.0	15.0	20.3	209	
10/19/1987	26.0	19.0	22.3	360	
10/20/1987	22.0	16.0	18.4	253	
10/21/1987	27.0	16.0	21.7	360	
10/22/1987	27.0	16.0	21.8	311	
10/23/1987	26.0	16.0	21.1	218	
10/24/1987	27.0	13.0	21.3	204	
10/25/1987	26.0	15.0	20.8	307	
10/26/1987	27.0	16.0	21.7	227	
10/27/1987	26.0	14.0	21.1	293	
10/28/1987	26.0	13.0	19.9	222	
10/29/1987	26.0	16.0	20.6	285	
10/30/1987	26.0	14.0	19.4	231	
10/31/1987	25.0	15.0	18.4	249	
11/1/1987	26.0	13.0	19.2	209	
11/2/1987	26.0	12.0	19.3	129	
11/3/1987	19.0	13.0	15.4	178	
11/4/1987	19.0	13.0	15.4	178	
11/5/1987	19.0	13.0	15.4	178	
11/6/1987	26.0	16.0	19.3	93	
11/7/1987	22.0	15.0	18.8	67	
11/8/1987					
11/9/1987					
11/10/1987					
11/11/1987					
11/12/1987					
11/13/1987					
11/14/1987					
11/15/1987					
11/16/1987					
11/17/1987					
11/18/1987					
11/19/1987					
11/20/1987	21.0	15.0	18.2	293	
11/21/1987	21.0	15.0	18.2	293	
11/22/1987	24.0	16.0	19.4	218	
11/23/1987	20.0	15.0	16.8	133	
11/24/1987	23.0	15.0	19.2	324	
11/25/1987	23.0	15.0	19.2	324	
11/26/1987	23.0	15.0	19.2	324	
11/27/1987	20.0	18.0	18.8	409	
11/28/1987	18.0	16.0	17.3	365	
11/29/1987	21.0	15.0	18.3	378	
11/30/1987	23.0	17.0	21.0	409	
12/1/1987	23.0	15.0	19.3	333	
12/2/1987	28.0	15.0	19.5	329	
12/3/1987	21.0	16.0	18.1	285	
12/4/1987	21.0	15.0	16.8	156	
12/5/1987	23.0	16.0	20.1	267	
12/6/1987	24.0	13.0	18.8	182	
12/7/1987	24.0	14.0	20.4	227	
12/8/1987	24.0	14.0	19.3	227	
12/9/1987	25.0	13.0	18.6	164	
12/10/1987	24.0	17.0	20.1	267	
12/11/1987	24.0	17.0	20.3	387	
12/12/1987	23.0	13.0	19.3	338	
12/13/1987	25.0	11.0	19.3	222	
12/14/1987	26.0	13.0	18.9	147	
12/15/1987	25.0	15.0	19.1	267	
12/16/1987	24.0	16.0	18.4	249	
12/17/1987	24.0	16.0	20.0	182	
12/18/1987	26.0	11.0	21.0	196	
12/19/1987	26.0	15.0	20.6	173	
12/20/1987	25.0	15.0	19.0	142	
12/21/1987	26.0	15.0	20.2	222	
12/22/1987	26.0	14.0	19.6	204	
12/23/1987	25.0	16.0	20.3	307	
12/24/1987	25.0	14.0	19.9	293	
12/25/1987	24.0	15.0	19.6	324	
12/26/1987	24.0	15.0	20.1	462	
12/27/1987	25.0	15.0	20.4	293	
12/28/1987	26.0	13.0	20.5	209	
12/29/1987	27.0	12.0	20.4	267	
12/30/1987	26.0	15.0	20.7	236	
12/31/1987	25.0	16.0	19.6	156	
1/1/1988	26.0	16.0	21.3	302	
1/2/1988	24.0	17.0	19.9	302	
1/3/1988	24.0	16.0	19.8	311	
1/4/1988	23.0	17.0	20.1	445	
1/5/1988	24.0	15.0	19.4	338	
1/6/1988	25.0	14.0	19.6	267	
1/7/1988	24.0	17.0	19.8	173	
1/8/1988	25.0	16.0	20.2	329	
1/9/1988	25.0	16.0	20.2	329	
1/10/1988	23.0	16.0	19.6	267	
1/11/1988	24.0	16.0	18.7	244	
1/12/1988	25.0	13.0	20.2	231	
1/13/1988	25.0	17.0	20.1	342	
1/14/1988	25.0	15.0	21.1	347	
1/15/1988	24.0	16.0	18.8	196	
1/16/1988	22.0	16.0	18.3	84	
1/17/1988	22.0	16.0	17.4	84	
1/18/1988	26.0	15.0	20.0	169	
1/19/1988	25.0	15.0	18.8	147	
1/20/1988	25.0	15.0	19.7	307	
1/21/1988	25.0	15.0	19.9	258	
1/22/1988	25.0	12.0	20.1	169	
1/23/1988	24.0	15.0	18.8	209	
1/24/1988	25.0	14.0	20.1	271	
1/25/1988	26.0	12.0	18.4	151	
1/26/1988	28.0	11.0	18.6	133	
1/27/1988	25.0	10.0	19.3	98	
1/28/1988	26.0	13.0	19.4	209	
1/29/1988	25.0	11.0	18.2	133	
1/30/1988	25.0	11.0	20.1	236	
1/31/1988	25.0	11.0	20.1	236	
2/1/1988	25.0	13.0	19.1	169	
2/2/1988	25.0	16.0	20.8	169	
2/3/1988	25.0	16.0	21.2	409	
2/4/1988	24.0	14.0	18.6	258	
2/5/1988	23.0	13.0	18.5	249	
2/6/1988	26.0	11.0	17.9	173	
2/7/1988	26.0	16.0	20.9	311	
2/8/1988	27.0	16.0	20.8	258	
2/9/1988	27.0	16.0	20.8	258	
2/10/1988	27.0	16.0	21.8	200	
2/11/1988	25.0	19.0	22.1	271	
2/12/1988	26.0	15.0	19.5	156	
2/13/1988	26.0	15.0	19.5	156	
2/14/1988	25.0	15.0	21.1	249	
2/15/1988	20.0	17.0	18.8	200	
2/16/1988	25.0	16.0	21.0	276	
2/17/1988	25.0	16.0	21.0	276	
2/18/1988	25.0	16.0	21.0	276	
2/19/1988	27.0	16.0	23.4	365	
2/20/1988	26.0	17.0	21.4	449	
2/21/1988	23.0	15.0	18.1	387	
2/22/1988	25.0	16.0	20.7	440	
2/23/1988	28.0	18.0	23.8	244	
2/24/1988	28.0	18.0	23.8	244	
2/25/1988	26.0	17.0	20.4	293	
2/26/1988	23.0	18.0	20.3	280	
2/27/1988	24.0	15.0	20.0	422	
2/28/1988	25.0	18.0	22.3	516	
2/29/1988	26.0	16.0	21.2	453	
3/1/1988	27.0	21.0	24.5	413	
3/2/1988	27.0	21.0	24.5	413	
3/3/1988	27.0	21.0	24.5	413	
3/4/1988	24.0	21.0	19.0	329	
3/5/1988	24.0	21.0	19.0	329	
3/6/1988	24.0	21.0	19.0	329	
3/7/1988	25.0	15.0	20.6	285	
3/8/1988	27.0	15.0	20.5	311	
3/9/1988	23.0	14.0	20.0	316	
3/10/1988	28.0	17.0	21.6	258	
3/11/1988	28.0	19.0	22.8	365	
3/12/1988	27.0	17.0	21.4	151	
3/13/1988	24.0	15.0	19.8	253	
3/14/1988	25.0	13.0	19.5	124	
3/15/1988	25.0	13.0	19.5	124	
3/16/1988	25.0	13.0	19.5	124	
3/17/1988	28.0	19.0	23.9	218	
3/18/1988	25.0	16.0	20.3	218	
3/19/1988	25.0	15.0	20.1	178	
3/20/1988	23.0	15.0	17.9	178	
3/21/1988	23.0	15.0	17.2	164	
3/22/1988	26.0	14.0	18.8	102	
3/23/1988	23.0	16.0	17.8	71	
3/24/1988	23.0	16.0	17.8	71	
3/25/1988	25.0	19.0	21.3	262	
3/26/1988	25.0	16.0	20.3	187	
3/27/1988	29.0	17.0	19.3	80	
3/28/1988	23.0	16.0	19.3	204	
3/29/1988	25.0	15.0	19.3	173	
3/30/1988	25.0	16.0	20.0	302	
3/31/1988	25.0	17.0	21.1	311	
4/1/1988	23.0	16.0	18.4	142	
4/2/1988	24.0	16.0	19.4	285	
4/3/1988	23.0	16.0	17.6	151	
4/4/1988	23.0	16.0	17.6	151	
4/5/1988	21.0	16.0	18.8	133	
4/6/1988	22.0	16.0	18.8	209	
4/7/1988	22.0	14.0	17.4	231	
4/8/1988	23.0	15.0	18.8	244	
4/9/1988	23.0	14.0	18.7	267	
4/10/1988	22.0	15.0	18.0	111	
4/11/1988	24.0	16.0	18.6	156	
4/12/1988	24.0	16.0	19.3	240	
4/13/1988	23.0	16.0	19.3	236	
4/14/1988	22.0	16.0	18.7	129	
4/15/1988	23.0	16.0	19.6	124	
4/16/1988	20.0	17.0	17.5	124	
4/17/1988	19.0	16.0	17.3	111	
4/18/1988	23.0	15.0	18.1	138	
4/19/1988	22.0	15.0	17.3	84	
4/20/1988	21.0	15.0	17.2	67	
4/21/1988	23.0	16.0	18.8	111	
4/22/1988	23.0	16.0	18.5	107	
4/23/1988	22.0	15.0	17.8	111	
4/24/1988	23.0	14.0	19.7	133	
4/25/1988	22.0	16.0	17.6	44	
4/26/1988	23.0	16.0	19.5	142	
4/27/1988	29.0	15.0	19.4	142	
4/28/1988	24.0	14.0	18.5	116	
4/29/1988	23.0	15.0	18.6	142	
4/30/1988	23.0	14.0	18.4	173	
5/1/1988	21.0	15.0	17.2	40	
5/2/1988	21.0	15.0	16.9	62	
5/3/1988	23.0	14.0	19.1	93	
5/4/1988	23.0	13.0	19.4	147	
5/5/1988	23.0	14.0	18.4	142	
5/6/1988	22.0	15.0	18.4	142	
5/7/1988	22.0	15.0	17.2	138	
5/8/1988	21.0	15.0	17.7	62	
5/9/1988	23.0	15.0	17.9	58	
5/10/1988	22.0	15.0	17.8	120	
5/11/1988	22.0	15.0	18.6	142	
5/12/1988	20.0	16.0	17.6	62	
5/13/1988	21.0	15.0	17.7	120	
5/14/1988	21.0	15.0	16.9	80	
5/15/1988	22.0	15.0	17.9	84	
5/16/1988	18.0	15.0	16.2	27	
5/17/1988	22.0	15.0	17.5	151	
5/18/1988	21.0	15.0	18.0	107	
5/19/1988	21.0	15.0	17.9	98	
5/20/1988	21.0	15.0	18.2	67	
5/21/1988	22.0	15.0	17.7	93	
5/22/1988	27.0	15.0	18.7	240	
5/23/1988	21.0	14.0	16.6	71	
5/24/1988	23.0	14.0	18.2	138	
5/25/1988	22.0	14.0	17.6	142	
5/26/1988	20.0	15.0	16.9	107	
5/27/1988	22.0	14.0	17.5	164	
5/28/1988	21.0	14.0	17.8	120	
5/29/1988	21.0	14.0	17.8	120	
5/30/1988	21.0	13.0	16.9	44	
5/31/1988	20.0	14.0	17.7	84	
6/1/1988	19.0	13.0	16.0	44	
6/2/1988	19.0	13.0	16.0	44	
6/3/1988	22.0	15.0	18.0	133	
6/4/1988	22.0	15.0	18.0	133	
6/5/1988	22.0	15.0	18.0	133	
6/6/1988	21.0	14.0	16.6	93	
6/7/1988	21.0	14.0	16.0	76	
6/8/1988	23.0	14.0	17.1	49	
6/9/1988	23.0	15.0	17.7	53	
6/10/1988	24.0	14.0	18.6	71	
6/11/1988	22.0	14.0	18.2	67	
6/12/1988	21.0	15.0	17.5	76	
6/13/1988	20.0	15.0	17.2	71	
6/14/1988	20.0	14.0	15.8	102	
6/15/1988	19.0	14.0	15.8	156	
6/16/1988	20.0	13.0	15.7	89	
6/17/1988	20.0	13.0	17.3	89	
6/18/1988	17.0	12.0	14.7	58	
6/19/1988	17.0	14.0	15.3	89	
6/20/1988	17.0	14.0	14.0	89	
6/21/1988	17.0	14.0	14.0	89	
6/22/1988	17.0	14.0	14.0	89	
6/23/1988	17.0	14.0	14.0	89	
6/24/1988	17.0	14.0	14.0	89	
6/25/1988	17.0	14.0	14.0	89	
6/26/1988	17.0	14.0	14.0	89	
6/27/1988	20.0	10.0	15.5	31	
6/28/1988	22.0	18.0	20.8	124	
6/29/1988	21.0	15.0	17.7	89	
6/30/1988	20.0	14.0	16.6	62	
7/1/1988	19.0	14.0	15.2	107	
7/2/1988	22.0	13.0	18.0	356	
7/3/1988	21.0	14.0	18.4	244	
7/4/1988	22.0	15.0	19.1	138	
7/5/1988	23.0	15.0	19.1	124	
7/6/1988	21.0	14.0	17.7	62	
7/7/1988	21.0	13.0	17.4	22	
7/8/1988	20.0	13.0	17.1	116	
7/9/1988	20.0	13.0	17.1	116	
7/10/1988	17.0	14.0	15.5	116	
7/11/1988	20.0	14.0	16.0	76	
7/12/1988	20.0	14.0	16.0	76	
7/13/1988	21.0	17.0	19.2	89	
7/14/1988	20.0	11.9	15.8	118	
7/15/1988	19.9	12.0	15.9	125	
7/16/1988	19.9	12.2	16.1	134	
7/17/1988	19.9	12.2	16.1	137	
7/18/1988	19.8	12.3	16.1	134	
7/19/1988	19.9	12.7	16.2	135	
7/20/1988	19.8	12.9	16.3	139	
7/21/1988	19.9	12.9	16.3	141	
7/22/1988	19.8	13.1	16.2	133	
7/23/1988	20.0	12.9	16.3	129	
7/24/1988	20.1	12.8	16.3	127	
7/25/1988	20.1	12.6	16.2	126	
7/26/1988	20.2	12.6	16.1	129	
7/27/1988	20.4	12.4	16.2	134	
7/28/1988	20.6	12.2	16.2	133	
7/29/1988	14.0	13.0	13.5	138	
7/30/1988	17.0	13.0	14.6	31	
7/31/1988	22.0	13.0	16.4	80	
8/1/1988	22.0	11.0	17.8	156	
8/2/1988	22.0	12.0	15.6	116	
8/3/1988	20.0	15.0	17.2	200	
8/4/1988	24.0	13.0	19.5	173	
8/5/1988	23.0	16.0	19.1	147	
8/6/1988	19.0	10.0	14.7	147	
8/7/1988	19.0	10.0	14.7	147	
8/8/1988	19.0	13.0	16.5	156	
8/9/1988	15.0	13.0	14.0	31	
8/10/1988	23.0	12.0	16.7	107	
8/11/1988	22.0	13.0	17.6	147	
8/12/1988	21.0	13.0	17.1	124	
8/13/1988	21.0	13.0	15.9	102	
8/14/1988	20.0	13.0	16.4	93	
8/15/1988	16.0	12.0	13.8	58	
8/16/1988	16.0	12.0	13.8	58	
8/17/1988	20.0	14.0	16.5	58	
8/18/1988	20.0	14.0	16.5	58	
8/19/1988	20.0	14.0	16.5	58	
8/20/1988	21.0	15.0	17.7	93	
8/21/1988	21.0	14.0	17.4	187	
8/22/1988	17.0	13.0	14.6	84	
8/23/1988	17.0	14.0	14.9	18	
8/24/1988	14.0	13.0	13.3	93	
8/25/1988	16.0	13.0	13.9	67	
8/26/1988	19.0	13.0	15.4	98	
8/27/1988	21.0	13.0	17.0	89	
8/28/1988	28.0	13.0	18.4	13	
8/29/1988	21.0	15.0	18.2	204	
8/30/1988	23.0	13.0	16.1	164	
8/31/1988	23.0	10.0	15.8	71	
9/1/1988	25.0	9.0	18.0	151	
9/2/1988	18.0	7.0	14.8	164	
9/3/1988	24.0	15.0	18.7	138	
9/4/1988	22.0	14.0	18.0	89	
9/5/1988	22.0	13.0	16.3	67	
9/6/1988	20.0	12.0	16.4	58	
9/7/1988	21.0	13.0	16.4	67	
9/8/1988	19.0	13.0	15.9	111	
9/9/1988	21.0	13.0	16.1	80	
9/10/1988	21.0	14.0	18.0	173	
9/11/1988	23.0	12.0	16.8	102	
9/12/1988	19.0	14.0	15.8	147	
9/13/1988	22.0	13.0	17.1	120	
9/14/1988	23.0	12.0	17.3	142	
9/15/1988	20.0	13.0	16.3	116	
9/16/1988	22.0	12.0	15.8	18	
9/17/1988	25.0	9.0	16.4	204	
9/18/1988	25.0	10.0	17.1	169	
9/19/1988	29.0	15.0	18.9	151	
9/20/1988	24.0	15.0	17.7	84	
9/21/1988	22.0	14.0	17.8	147	
9/22/1988	20.0	14.0	17.1	133	
9/23/1988	20.0	13.0	15.9	9	
9/24/1988	21.0	13.0	16.2	124	
9/25/1988	20.0	14.0	16.4	80	
9/26/1988	19.0	14.0	17.0	98	
9/27/1988	21.0	11.0	14.7	31	
9/28/1988	22.0	11.0	15.8	49	
9/29/1988	22.0	11.0	15.3	53	
9/30/1988	25.0	10.0	19.9	209	
10/1/1988	25.0	12.0	16.7	27	
10/2/1988	21.0	11.0	16.0	53	
10/3/1988	24.0	9.0	18.3	204	
10/4/1988	22.0	14.0	16.2	49	
10/5/1988	22.0	14.0	16.6	138	
10/6/1988	20.0	14.0	16.4	209	
10/7/1988	22.0	9.0	15.8	173	
10/8/1988	22.0	9.0	15.8	173	
10/9/1988	25.0	14.0	18.1	169	
10/10/1988	26.0	13.0	18.6	147	
10/11/1988	26.0	11.0	18.7	67	
10/12/1988	20.0	11.0	15.5	67	
10/13/1988	25.0	13.0	17.7	62	
10/14/1988	24.0	13.0	17.4	107	
10/15/1988	23.0	14.0	18.2	133	
10/16/1988	25.0	14.0	18.4	169	
10/17/1988	25.0	14.0	19.0	124	
10/18/1988	26.0	13.0	17.7	129	
10/19/1988	26.0	11.0	16.2	102	
10/20/1988	22.0	15.0	17.3	222	
10/21/1988	25.0	14.0	18.0	151	
10/22/1988	26.0	13.0	18.2	182	
10/23/1988	16.0	15.0	15.4	182	
10/24/1988	25.0	16.0	20.2	391	
10/25/1988	21.0	15.0	17.6	267	
10/26/1988	21.0	16.0	17.2	169	
10/27/1988	23.0	15.0	18.5	373	
10/28/1988	23.0	9.0	17.0	253	
10/29/1988	24.0	15.0	18.8	209	
10/30/1988	21.0	16.0	18.2	222	
10/31/1988	22.0	15.0	18.1	200	
11/1/1988	24.0	15.0	18.1	178	
11/2/1988	24.0	14.0	18.6	142	
11/3/1988	22.0	15.0	17.9	178	
11/4/1988	22.0	14.0	16.7	196	
11/5/1988	23.0	15.0	18.1	302	
11/6/1988	23.0	15.0	17.2	302	
11/7/1988	21.0	14.0	16.7	147	
11/8/1988	21.0	15.0	17.2	196	
11/9/1988	20.0	15.0	16.3	76	
11/10/1988	22.0	15.0	17.2	129	
11/11/1988	20.0	15.0	16.8	133	
11/12/1988	21.0	15.0	18.0	271	
11/13/1988	20.0	14.0	16.1	133	
11/14/1988	23.0	14.0	18.2	227	
11/15/1988	24.0	15.0	17.9	289	
11/16/1988	23.0	15.0	18.4	365	
11/17/1988	20.0	15.0	17.1	187	
11/18/1988	19.0	14.0	15.6	89	
11/19/1988	19.0	14.0	16.1	173	
11/20/1988	21.0	15.0	17.3	249	
11/21/1988	19.0	14.0	15.8	80	
11/22/1988	20.0	14.0	15.7	218	
11/23/1988	23.0	13.0	16.7	267	
11/24/1988	22.0	15.0	17.1	249	
11/25/1988	22.0	14.0	17.0	253	
11/26/1988	22.0	14.0	16.8	298	
11/27/1988	19.0	14.0	15.8	356	
11/28/1988	22.0	14.0	18.2	351	
11/29/1988	24.0	13.0	19.2	285	
11/30/1988	23.0	15.0	18.7	351	
12/1/1988	22.0	15.0	17.3	267	
12/2/1988	21.0	14.0	16.6	267	
12/3/1988	21.0	14.0	16.8	276	
12/4/1988	23.0	14.0	17.0	280	
12/5/1988	18.0	14.0	15.6	156	
12/6/1988	24.0	13.0	17.7	222	
12/7/1988	23.0	16.0	19.7	218	
12/8/1988	21.0	15.0	16.9	173	
12/9/1988	19.0	15.0	16.7	191	
12/10/1988	22.0	15.0	17.7	262	
12/11/1988	18.0	15.0	15.6	227	
12/12/1988	19.0	13.0	15.3	124	
12/13/1988	23.0	13.0	17.7	196	
12/14/1988	23.0	13.0	17.7	196	
12/15/1988	23.0	13.0	17.7	196	
12/16/1988	23.0	13.0	17.7	196	
12/17/1988	23.0	16.0	20.0	293	
12/18/1988	23.0	15.0	18.2	271	
12/19/1988	22.0	14.0	18.4	329	
12/20/1988	19.0	15.0	16.7	218	
12/21/1988	20.0	14.0	16.4	267	
12/22/1988	19.0	14.0	16.3	222	
12/23/1988	21.0	14.0	17.4	338	
12/24/1988	21.0	13.0	16.4	285	
12/25/1988	17.0	14.0	15.4	271	
12/26/1988	17.0	14.0	15.4	271	
12/27/1988	22.0	14.0	18.2	196	
12/28/1988	23.0	15.0	18.7	356	
12/29/1988	22.0	15.0	17.7	391	
12/30/1988	21.0	13.0	16.0	320	
12/31/1988	22.0	12.0	17.4	280	
1/1/1990	20.0	14.0	16.2	13	
1/2/1990	21.0	14.0	16.2	62	
1/3/1990	21.0	14.0	16.9	62	
1/4/1990	22.0	16.0	18.4	187	
1/5/1990	23.0	12.0	16.6	129	
1/6/1990	21.0	16.0	17.8	280	
1/7/1990	22.0	15.0	18.9	342	
1/8/1990	23.0	8.0	17.4	164	
1/9/1990	24.0	12.0	16.7	84	
1/10/1990	23.0	11.0	16.8	27	
1/11/1990	20.0	15.0	17.2	138	
1/12/1990	22.0	15.0	18.8	262	
1/13/1990	23.0	12.0	18.3	196	
1/14/1990	23.0	12.0	17.8	227	
1/15/1990	23.0	12.0	17.8	227	
1/16/1990	24.0	14.0	19.6	204	
1/17/1990	24.0	15.0	19.5	253	
1/18/1990	25.0	15.0	20.3	227	
1/19/1990	24.0	16.0	19.1	307	
1/20/1990	21.0	15.0	17.2	427	
1/21/1990	20.0	14.0	16.0	231	
1/22/1990	22.0	12.0	16.9	200	
1/23/1990	29.0	15.0	19.4	302	
1/24/1990	24.0	15.0	18.6	258	
1/25/1990	24.0	11.0	16.6	89	
1/26/1990	23.0	15.0	19.1	249	
1/27/1990	21.0	15.0	17.8	267	
1/28/1990	25.0	15.0	18.8	164	
1/29/1990	26.0	14.0	19.2	151	
1/30/1990	26.0	14.0	19.2	151	
1/31/1990	26.0	14.0	19.2	151	
2/1/1990	24.0	15.0	18.6	173	
2/2/1990	24.0	16.0	19.7	173	
2/3/1990	21.0	16.0	18.4	253	
2/4/1990	25.0	16.0	20.4	147	
2/5/1990	25.0	16.0	19.7	138	
2/6/1990	27.0	12.0	20.8	120	
2/7/1990	27.0	16.0	20.1	213	
2/8/1990	26.0	16.0	20.6	156	
2/9/1990	21.0	14.0	18.5	151	
2/10/1990	21.0	14.0	18.5	151	
2/11/1990	25.0	16.0	21.5	258	
2/12/1990	27.0	20.0	23.2	387	
2/13/1990	26.0	13.0	19.7	267	
2/14/1990	26.0	15.0	19.2	164	
2/15/1990	28.0	17.0	21.4	213	
2/16/1990	24.0	16.0	19.9	196	
2/17/1990	25.0	15.0	19.0	213	
2/18/1990	25.0	13.0	18.8	89	
2/19/1990	26.0	16.0	19.9	120	
2/20/1990	20.0	15.0	16.7	71	
2/21/1990	23.0	15.0	17.9	138	
2/22/1990	21.0	15.0	17.2	196	
2/23/1990	22.0	15.0	18.0	71	
2/24/1990	25.0	14.0	18.1	156	
2/25/1990	22.0	18.0	19.7	156	
2/26/1990	23.0	16.0	18.8	129	
2/27/1990	24.0	16.0	19.3	133	
2/28/1990	26.0	14.0	20.3	164	
3/1/1990	25.0	16.0	18.7	204	
3/2/1990	20.0	15.0	17.3	107	
3/3/1990	25.0	16.0	20.6	253	
3/4/1990	25.0	15.0	19.5	182	
3/5/1990	22.0	13.0	17.4	236	
3/6/1990	21.0	14.0	15.4	53	
3/7/1990	25.0	13.0	18.3	156	
3/8/1990	23.0	15.0	18.4	84	
3/9/1990	25.0	13.0	19.8	293	
3/10/1990	24.0	15.0	18.7	324	
3/11/1990	21.0	16.0	18.2	44	
3/12/1990	24.0	16.0	19.4	138	
3/13/1990	22.0	16.0	19.3	129	
3/14/1990	23.0	15.0	17.3	98	
3/15/1990	23.0	14.0	17.8	213	
3/16/1990	23.0	16.0	18.0	258	
3/17/1990	22.0	14.0	18.2	347	
3/18/1990	21.0	16.0	17.7	276	
3/19/1990	23.0	15.0	18.8	169	
3/20/1990	23.0	15.0	18.8	169	
3/21/1990	25.0	15.0	19.3	147	
3/22/1990	22.0	16.0	18.8	178	
3/23/1990	21.0	16.0	18.0	173	
3/24/1990	23.0	16.0	18.8	187	
3/25/1990	24.0	16.0	19.6	271	
3/26/1990	24.0	17.0	20.1	311	
3/27/1990	24.0	17.0	19.8	76	
3/28/1990	24.0	17.0	19.8	76	
3/29/1990	18.0	17.0	17.5	191	
3/30/1990	22.0	16.0	17.7	107	
3/31/1990	21.0	15.0	17.8	31	
4/1/1990	25.0	15.0	18.8	222	
4/2/1990	25.0	15.0	18.8	222	
4/3/1990	21.0	15.0	16.5	36	
4/4/1990	24.0	15.0	19.0	262	
4/5/1990	24.0	15.0	18.6	49	
4/6/1990	19.0	15.0	17.2	204	
4/7/1990	24.0	15.0	19.5	76	
4/8/1990	19.0	16.0	17.0	76	
4/9/1990	18.0	15.0	16.4	76	
4/10/1990	18.0	15.0	16.6	76	
4/11/1990	20.0	16.0	17.1	76	
4/12/1990	22.0	15.0	17.5	76	
4/13/1990	24.0	15.0	18.8	120	
4/14/1990	24.0	16.0	20.3	58	
4/15/1990	24.0	14.0	19.0	49	
4/16/1990	18.0	16.0	16.8	49	
4/17/1990	23.0	16.0	19.0	160	
4/18/1990	19.0	16.0	17.5	191	
4/19/1990	23.0	16.0	18.5	169	
4/20/1990	23.0	15.0	19.4	191	
4/21/1990	25.0	16.0	19.7	62	
4/22/1990	23.0	16.0	19.0	84	
4/23/1990	21.0	16.0	17.7	76	
4/24/1990	21.0	16.0	18.2	142	
4/25/1990	21.0	16.0	18.1	156	
4/26/1990	25.0	16.0	18.0	320	
4/27/1990	20.0	14.0	16.7	147	
4/28/1990	23.0	13.0	18.4	71	
4/29/1990	23.0	13.0	18.4	71	
4/30/1990	23.0	13.0	18.4	71	
5/1/1990	23.0	16.0	18.6	244	
5/2/1990	23.0	16.0	18.6	244	
5/3/1990	22.0	16.0	18.1	187	
5/4/1990	24.0	16.0	19.1	200	
5/5/1990	24.0	15.0	18.6	151	
5/6/1990	24.0	16.0	20.2	120	
5/7/1990	26.0	16.0	21.2	164	
5/8/1990	22.0	15.0	17.9	164	
5/9/1990	17.0	15.0	15.5	164	
5/10/1990	23.0	16.0	18.2	164	
5/11/1990	24.0	15.0	19.2	102	
5/12/1990	23.0	16.0	19.3	62	
5/13/1990	21.0	16.0	18.3	151	
5/14/1990	21.0	15.0	17.1	62	
5/15/1990	22.0	15.0	18.2	120	
5/16/1990	22.0	15.0	19.0	169	
5/17/1990	23.0	12.0	18.3	62	
5/18/1990	24.0	13.0	19.4	58	
5/19/1990	24.0	15.0	18.7	62	
5/20/1990	23.0	15.0	18.0	111	
5/21/1990	22.0	15.0	17.4	13	
5/22/1990	22.0	15.0	17.4	36	
5/23/1990	21.0	15.0	17.6	120	
5/24/1990	19.0	15.0	16.8	147	
5/25/1990	23.0	15.0	18.8	133	
5/26/1990	21.0	14.0	17.1	80	
5/27/1990	20.0	13.0	16.0	124	
5/28/1990	19.0	14.0	17.2	173	
5/29/1990	19.0	14.0	17.2	173	
5/30/1990	19.0	14.0	17.2	173	
5/31/1990	19.0	14.0	17.2	173	
6/1/1990	19.0	14.0	17.2	173	
6/2/1990	19.0	14.0	17.2	173	
6/3/1990	19.0	14.0	17.2	173	
6/4/1990	18.0	14.0	15.5	173	
6/5/1990	21.0	13.0	17.2	49	
6/6/1990	21.0	13.0	16.4	80	
6/7/1990	19.0	14.0	16.2	129	
6/8/1990	19.0	14.0	15.6	36	
6/9/1990	19.0	12.0	14.7	36	
6/10/1990	21.0	12.0	16.3	40	
6/11/1990	21.0	16.0	18.3	276	
6/12/1990	22.0	14.0	17.6	191	
6/13/1990	20.0	13.0	15.9	93	
6/14/1990	19.0	13.0	15.4	156	
6/15/1990	21.0	12.0	17.0	120	
6/16/1990	22.0	10.0	15.2	71	
6/17/1990	24.0	14.0	19.0	58	
6/18/1990	22.0	11.0	16.1	40	
6/19/1990	19.0	13.0	15.7	40	
6/20/1990	21.0	11.0	16.5	40	
6/21/1990	21.0	15.0	18.6	213	
6/22/1990	23.0	16.0	19.0	76	
6/23/1990	23.0	14.0	16.6	76	
6/24/1990	20.0	13.0	16.4	44	
6/25/1990	21.0	9.0	14.4	89	
6/26/1990	23.0	10.0	16.2	89	
6/27/1990	25.0	7.0	15.6	18	
6/28/1990	21.0	9.0	14.6	80	
6/29/1990	20.0	13.0	15.7	80	
6/30/1990	24.0	13.0	17.4	102	
7/1/1990	22.0	11.0	15.9	80	
7/2/1990	20.0	14.0	16.7	151	
7/3/1990	17.0	8.0	14.1	156	
7/4/1990	19.0	12.0	14.2	62	
7/5/1990	21.0	14.0	17.8	111	
7/6/1990	24.0	15.0	18.4	102	
7/7/1990	17.0	14.0	15.0	62	
7/8/1990	19.0	11.0	14.4	27	
7/9/1990	20.0	13.0	16.2	111	
7/10/1990	23.0	11.0	17.5	222	
7/11/1990	22.0	12.0	17.2	84	
7/12/1990	22.0	9.0	15.9	107	
7/13/1990	22.0	12.0	15.9	49	
7/14/1990	23.0	9.0	15.7	169	
7/15/1990	22.0	14.0	18.0	111	
7/16/1990	22.0	14.0	18.0	111	
7/17/1990	19.0	11.0	15.2	102	
7/18/1990	22.0	11.0	16.8	111	
7/19/1990	22.0	13.0	16.1	111	
7/20/1990	19.0	12.0	14.6	40	
7/21/1990	17.0	13.0	14.0	36	
7/22/1990	21.0	12.0	15.4	151	
7/23/1990	17.0	12.0	13.9	80	
7/24/1990	17.0	11.0	13.7	271	
7/25/1990	19.0	11.0	16.2	227	
7/26/1990	21.0	12.0	16.2	187	
7/27/1990	22.0	12.0	16.8	164	
7/28/1990	22.0	13.0	16.8	191	
7/29/1990	21.0	12.0	17.6	258	
7/30/1990	23.0	12.0	17.0	169	
7/31/1990	23.0	14.0	16.4	53	
8/1/1990	20.0	13.0	16.4	44	
8/2/1990	18.0	13.0	15.6	76	
8/3/1990	18.0	12.0	15.0	116	
8/4/1990	21.0	12.0	15.2	120	
8/5/1990	17.0	13.0	14.3	22	
8/6/1990	21.0	12.0	16.3	102	
8/7/1990	22.0	11.0	16.5	147	
8/8/1990	20.0	13.0	16.1	89	
8/9/1990	21.0	13.0	15.7	67	
8/10/1990	18.0	13.0	15.2	147	
8/11/1990	20.0	13.0	16.6	147	
8/12/1990	18.0	12.0	15.6	164	
8/13/1990	18.0	13.0	15.7	133	
8/14/1990	20.0	14.0	17.1	124	
8/15/1990	21.0	13.0	16.8	133	
8/16/1990	18.0	13.0	14.6	133	
8/17/1990	20.0	14.0	16.9	151	
8/18/1990	20.0	13.0	15.6	116	
8/19/1990	25.0	16.0	21.2	182	
8/20/1990	18.0	12.0	15.0	71	
8/21/1990	22.0	12.0	16.2	80	
8/22/1990	18.0	13.0	15.6	89	
8/23/1990	21.0	13.0	15.6	62	
8/24/1990	19.0	13.0	16.2	164	
8/25/1990	16.0	13.0	14.2	102	
8/26/1990	15.0	12.0	13.6	76	
8/27/1990	20.0	10.0	14.1	138	
8/28/1990	21.0	11.0	15.3	129	
8/29/1990	24.0	10.0	17.2	164	
8/30/1990	24.0	16.0	18.7	133	
8/31/1990	20.0	12.0	14.9	40	
9/1/1990	21.0	13.0	16.5	58	
9/2/1990	24.0	13.0	18.8	187	
9/3/1990	21.0	12.0	15.8	182	
9/4/1990	20.0	12.0	14.9	67	
9/5/1990	22.0	10.0	15.3	116	
9/6/1990	23.0	11.0	15.3	67	
9/7/1990	25.0	10.0	16.6	191	
9/8/1990	24.0	13.0	18.5	204	
9/9/1990	20.0	12.0	14.2	129	
9/10/1990	23.0	12.0	17.3	187	
9/11/1990	22.0	11.0	16.0	178	
9/12/1990	22.0	12.0	16.8	244	
9/13/1990	25.0	13.0	19.2	187	
9/14/1990	24.0	14.0	18.0	156	
9/15/1990	24.0	11.0	15.8	67	
9/16/1990	25.0	12.0	17.8	182	
9/17/1990	26.0	12.0	19.9	160	
9/18/1990	27.0	10.0	17.8	124	
9/19/1990	24.0	13.0	18.2	138	
9/20/1990	30.0	10.0	17.4	107	
9/21/1990	24.0	12.0	16.8	204	
9/22/1990	24.0	8.0	16.9	191	
9/23/1990	24.0	14.0	19.6	231	
9/24/1990	24.0	12.0	17.8	178	
9/25/1990	23.0	14.0	17.3	338	
9/26/1990	24.0	13.0	17.7	293	
9/27/1990	23.0	14.0	18.1	231	
9/28/1990	25.0	12.0	17.9	156	
9/29/1990	26.0	13.0	18.3	240	
9/30/1990	24.0	15.0	17.4	116	
10/1/1990	25.0	14.0	19.4	231	
10/2/1990	25.0	13.0	20.1	262	
10/3/1990	24.0	14.0	17.1	173	
10/4/1990	25.0	14.0	18.0	231	
10/5/1990	25.0	12.0	18.6	240	
10/6/1990	25.0	14.0	19.0	231	
10/7/1990	24.0	14.0	18.7	307	
10/8/1990	24.0	16.0	20.7	267	
10/9/1990	22.0	14.0	17.6	107	
10/10/1990	17.0	14.0	14.8	173	
10/11/1990	23.0	14.0	18.0	356	
10/12/1990	24.0	14.0	18.5	311	
10/13/1990	25.0	15.0	20.0	236	
10/14/1990	25.0	15.0	19.9	311	
10/15/1990	26.0	15.0	20.6	409	
10/16/1990	25.0	16.0	20.1	333	
10/17/1990	26.0	16.0	21.9	382	
10/18/1990	25.0	15.0	19.9	262	
10/19/1990	22.0	14.0	17.2	147	
10/20/1990	25.0	15.0	19.9	262	
10/21/1990	21.0	15.0	17.2	276	
10/22/1990	17.0	15.0	16.0	173	
10/23/1990	21.0	13.0	15.7	124	
10/24/1990	24.0	12.0	19.1	156	
10/25/1990	26.0	15.0	19.7	178	
10/26/1990	24.0	16.0	18.8	276	
10/27/1990	22.0	15.0	17.6	169	
10/28/1990	22.0	14.0	17.5	67	
10/29/1990	23.0	15.0	17.9	147	
10/30/1990	19.0	15.0	17.3	222	
10/31/1990	24.0	16.0	19.6	280	
11/1/1990	25.0	15.0	18.5	164	
11/2/1990	20.0	16.0	18.1	138	
11/3/1990	24.0	17.0	21.1	227	
11/4/1990	18.0	14.0	15.3	142	
11/5/1990	23.0	14.0	18.3	209	
11/6/1990	24.0	15.0	17.8	200	
11/7/1990	24.0	15.0	18.4	307	
11/8/1990	21.0	15.0	17.6	271	
11/9/1990	22.0	14.0	17.1	111	
11/10/1990	22.0	14.0	18.2	244	
11/11/1990	20.0	15.0	17.1	253	
11/12/1990	25.0	15.0	19.0	316	
11/13/1990	21.0	15.0	17.2	373	
11/14/1990	18.0	15.0	15.9	249	
11/15/1990	22.0	14.0	17.0	324	
11/16/1990	20.0	13.0	16.1	356	
11/17/1990	20.0	15.0	16.8	244	
11/18/1990	19.0	15.0	16.7	244	
11/19/1990	21.0	15.0	17.4	285	
11/20/1990	21.0	15.0	17.1	276	
11/21/1990	22.0	15.0	18.0	382	
11/22/1990	22.0	15.0	18.4	365	
11/23/1990	22.0	15.0	18.8	356	
11/24/1990	23.0	15.0	19.1	413	
11/25/1990	24.0	15.0	18.8	347	
11/26/1990	24.0	16.0	19.7	258	
11/27/1990	23.0	14.0	18.9	213	
11/28/1990	23.0	15.0	18.1	213	
11/29/1990	24.0	15.0	18.7	280	
11/30/1990	23.0	15.0	19.2	324	
12/1/1990	23.0	16.0	19.1	280	
12/2/1990	23.0	15.0	18.7	338	
12/3/1990	21.0	15.0	17.6	227	
12/4/1990	22.0	15.0	17.8	293	
12/5/1990	22.0	15.0	17.9	342	
12/6/1990	23.0	15.0	18.3	262	
12/7/1990	23.0	13.0	16.9	222	
12/8/1990	20.0	15.0	17.2	231	
12/9/1990	22.0	15.0	17.3	156	
12/10/1990	23.0	17.0	19.7	311	
12/11/1990	19.0	15.0	16.7	258	
12/12/1990	18.0	14.0	15.6	231	
12/13/1990	20.0	14.0	16.7	218	
12/14/1990	20.0	14.0	16.1	280	
12/15/1990	23.0	14.0	18.9	307	
12/16/1990	16.0	14.0	15.0	111	
12/17/1990	20.0	15.0	16.9	285	
12/18/1990	22.0	14.0	17.8	276	
12/19/1990	22.0	14.0	17.2	285	
12/20/1990	23.0	19.0	21.0	285	
12/21/1990	22.0	15.0	17.3	289	
12/22/1990	22.0	13.0	17.3	187	
12/23/1990	23.0	16.0	19.2	373	
12/24/1990	24.0	14.0	19.4	280	
12/25/1990	24.0	15.0	19.1	267	
12/26/1990	25.0	15.0	18.9	164	
12/27/1990	25.0	14.0	20.7	244	
12/28/1990	23.0	12.0	18.4	276	
12/29/1990	24.0	14.0	19.1	271	
12/30/1990	23.0	16.0	19.8	307	
12/31/1990	23.0	16.0	18.1	276	
1/1/1991	21.0	15.0	17.4	169	
1/2/1991	24.0	15.0	19.7	258	
1/3/1991	22.0	16.0	18.0	169	
1/4/1991	24.0	18.0	21.2	324	
1/5/1991	24.0	16.0	19.1	262	
1/6/1991	25.0	14.0	19.8	227	
1/7/1991	25.0	16.0	19.9	227	
1/8/1991	24.0	15.0	19.8	293	
1/9/1991	24.0	16.0	20.0	329	
1/10/1991	25.0	13.0	20.6	329	
1/11/1991	25.0	15.0	20.7	413	
1/12/1991	24.0	15.0	19.8	369	
1/13/1991	23.0	16.0	19.6	324	
1/14/1991	25.0	13.0	18.4	231	
1/15/1991	24.0	15.0	18.2	289	
1/16/1991	24.0	16.0	20.4	382	
1/17/1991	25.0	11.0	19.3	258	
1/18/1991	25.0	12.0	19.0	213	
1/19/1991	25.0	11.0	17.1	196	
1/20/1991	25.0	10.0	17.6	156	
1/21/1991	22.0	9.0	14.4	102	
1/22/1991	26.0	17.0	22.2	307	
1/23/1991	26.0	15.0	20.1	240	
1/24/1991	26.0	15.0	19.9	253	
1/25/1991	27.0	17.0	20.5	151	
1/26/1991	24.0	17.0	20.2	98	
1/27/1991	26.0	16.0	21.3	253	
1/28/1991	24.0	16.0	18.8	151	
1/29/1991	26.0	12.0	18.8	231	
1/30/1991	26.0	14.0	20.1	209	
1/31/1991	25.0	14.0	20.2	236	
2/1/1991	25.0	14.0	19.7	253	
2/2/1991	25.0	12.0	18.6	240	
2/3/1991	24.0	13.0	18.5	271	
2/4/1991	25.0	14.0	18.6	169	
2/5/1991	25.0	11.0	19.0	222	
2/6/1991	25.0	12.0	18.6	240	
2/7/1991	27.0	14.0	20.4	204	
2/8/1991	28.0	12.0	23.1	280	
2/9/1991	28.0	12.0	23.1	280	
2/10/1991	28.0	12.0	23.1	280	
2/11/1991	27.0	19.0	23.3	356	
2/12/1991	18.0	9.0	15.2	236	
2/13/1991	26.0	15.0	19.3	302	
2/14/1991	28.0	14.0	22.8	222	
2/15/1991	27.0	16.0	22.4	316	
2/16/1991	26.0	14.0	20.3	262	
2/17/1991	27.0	16.0	21.0	271	
2/18/1991	28.0	13.0	20.7	147	
2/19/1991	30.0	11.0	20.7	200	
2/20/1991	28.0	13.0	19.7	120	
2/21/1991	27.0	14.0	20.4	258	
2/22/1991	26.0	16.0	19.9	280	
2/23/1991	25.0	16.0	20.6	267	
2/24/1991	27.0	14.0	21.7	307	
2/25/1991	26.0	15.0	20.9	307	
2/26/1991	27.0	15.0	20.5	267	
2/27/1991	27.0	17.0	21.9	249	
2/28/1991	28.0	14.0	19.9	240	
3/1/1991	29.0	14.0	21.3	160	
3/2/1991	28.0	15.0	20.3	182	
3/3/1991	27.0	15.0	20.6	267	
3/4/1991	27.0	17.0	22.7	369	
3/5/1991	27.0	14.0	20.2	271	
3/6/1991	26.0	15.0	20.6	289	
3/7/1991	23.0	13.0	17.6	138	
3/8/1991	28.0	11.0	19.6	244	
3/9/1991	26.0	14.0	19.8	338	
3/10/1991	25.0	16.0	20.2	320	
3/11/1991	25.0	16.0	20.6	329	
3/12/1991	26.0	16.0	20.1	200	
3/13/1991	24.0	16.0	19.1	271	
3/14/1991	26.0	15.0	19.8	182	
3/15/1991	26.0	16.0	20.8	311	
3/16/1991	26.0	15.0	20.6	298	
3/17/1991	27.0	14.0	20.3	329	
3/18/1991	26.0	11.0	19.3	302	
3/19/1991	27.0	11.0	17.8	231	
3/20/1991	27.0	11.0	20.0	271	
3/21/1991	27.0	12.0	20.3	249	
3/22/1991	29.0	17.0	22.4	231	
3/23/1991	30.0	20.0	24.6	271	
3/24/1991	25.0	14.0	17.8	36	
3/25/1991	26.0	19.0	21.4	267	
3/26/1991	23.0	16.0	18.6	62	
3/27/1991	23.0	15.0	18.2	111	
3/28/1991	23.0	16.0	17.8	258	
3/29/1991	19.0	16.0	17.0	98	
3/30/1991	23.0	15.0	18.8	102	
3/31/1991	26.0	14.0	20.5	209	
4/1/1991	25.0	16.0	20.4	262	
4/2/1991	24.0	17.0	19.2	244	
4/3/1991	19.0	16.0	17.4	285	
4/4/1991	23.0	16.0	18.1	191	
4/5/1991	24.0	15.0	19.8	209	
4/6/1991	25.0	15.0	19.4	147	
4/7/1991	24.0	15.0	18.3	58	
4/8/1991	26.0	13.0	18.5	120	
4/9/1991	24.0	16.0	20.4	204	
4/10/1991	25.0	14.0	20.2	187	
4/11/1991	24.0	16.0	17.9	182	
4/12/1991	24.0	15.0	18.5	222	
4/13/1991	24.0	15.0	18.3	196	
4/14/1991	23.0	14.0	18.8	316	
4/15/1991	21.0	16.0	17.8	285	
4/16/1991	23.0	14.0	18.3	262	
4/17/1991	26.0	13.0	19.1	276	
4/18/1991	24.0	15.0	19.8	320	
4/19/1991	24.0	15.0	18.4	182	
4/20/1991	24.0	13.0	18.6	231	
4/21/1991	24.0	16.0	18.3	200	
4/22/1991	25.0	16.0	19.7	173	
4/23/1991	25.0	15.0	19.7	213	
4/24/1991	24.0	16.0	18.3	133	
4/25/1991	23.0	16.0	19.3	129	
4/26/1991	24.0	15.0	19.2	129	
4/27/1991	25.0	16.0	18.8	116	
4/28/1991	25.0	14.0	19.8	138	
4/29/1991	22.0	15.0	18.9	124	
4/30/1991	19.0	16.0	17.4	160	
5/1/1991	19.0	16.0	16.8	213	
5/2/1991	21.0	15.0	17.2	244	
5/3/1991	24.0	15.0	19.0	173	
5/4/1991	24.0	15.0	19.3	191	
5/5/1991	24.0	16.0	20.0	218	
5/6/1991	23.0	15.0	18.6	80	
5/7/1991	20.0	14.0	17.2	151	
5/8/1991	21.0	15.0	17.5	107	
5/9/1991	21.0	15.0	17.1	102	
5/10/1991	23.0	15.0	19.4	98	
5/11/1991	22.0	16.0	19.0	129	
5/12/1991	22.0	16.0	19.0	129	
5/13/1991	22.0	16.0	19.0	129	
5/14/1991	22.0	15.0	18.4	62	
5/15/1991	24.0	15.0	18.3	124	
5/16/1991	24.0	15.0	18.3	124	
5/17/1991	24.0	15.0	19.3	49	
5/18/1991	21.0	15.0	17.7	49	
5/19/1991	19.0	15.0	16.8	40	
5/20/1991	22.0	15.0	18.2	147	
5/21/1991	21.0	13.0	17.1	147	
5/22/1991	21.0	15.0	17.2	182	
5/23/1991	22.0	16.0	18.4	151	
5/24/1991	20.0	16.0	17.5	124	
5/25/1991	21.0	16.0	17.4	160	
5/26/1991	23.0	15.0	17.7	62	
5/27/1991	23.0	15.0	18.4	111	
5/28/1991	17.0	13.0	15.2	22	
5/29/1991	22.0	15.0	17.8	120	
5/30/1991	25.0	15.0	18.3	31	
5/31/1991	23.0	14.0	18.5	71	
6/1/1991	22.0	15.0	17.7	18	
6/2/1991	22.0	14.0	17.7	67	
6/3/1991	20.0	15.0	16.7	31	
6/4/1991	22.0	15.0	17.4	76	
6/5/1991	21.0	16.0	18.2	102	
6/6/1991	23.0	15.0	18.8	80	
6/7/1991	25.0	14.0	18.2	76	
6/8/1991	22.0	15.0	18.3	53	
6/9/1991	23.0	15.0	19.0	80	
6/10/1991	25.0	15.0	19.1	120	
6/11/1991	22.0	15.0	18.8	71	
6/12/1991	19.0	14.0	16.7	44	
6/13/1991	19.0	13.0	16.2	40	
6/14/1991	24.0	13.0	19.6	80	
6/15/1991	24.0	15.0	17.8	116	
6/16/1991	20.0	14.0	15.9	178	
6/17/1991	19.0	13.0	15.9	116	
6/18/1991	18.0	13.0	15.1	102	
6/19/1991	22.0	15.0	18.4	147	
6/20/1991	21.0	14.0	16.3	98	
6/21/1991	20.0	14.0	15.6	31	
6/22/1991	22.0	13.0	17.1	58	
6/23/1991	14.0	13.0	13.7	58	
6/24/1991	22.0	13.0	16.9	84	
6/25/1991	21.0	13.0	16.3	40	
6/26/1991	21.0	12.0	15.8	44	
6/27/1991	21.0	9.0	16.0	36	
6/28/1991	25.0	13.0	17.6	62	
6/29/1991	21.0	14.0	17.2	40	
6/30/1991	22.0	13.0	16.8	36	
7/1/1991	21.0	15.0	17.8	164	
7/2/1991	21.0	13.0	16.4	53	
7/3/1991	20.0	17.0	18.5	58	
7/4/1991	22.0	16.0	18.9	31	
7/5/1991	19.0	15.0	16.4	147	
7/6/1991	18.0	14.0	15.4	18	
7/7/1991	21.0	13.0	16.6	156	
7/8/1991	22.0	12.0	15.9	138	
7/9/1991	22.0	12.0	17.3	53	
7/10/1991	19.0	12.0	15.6	53	
7/11/1991	20.0	13.0	16.5	129	
7/12/1991	15.0	13.0	13.5	31	
7/13/1991	15.0	13.0	13.5	31	
7/14/1991	15.0	13.0	13.5	31	
7/15/1991	21.0	11.0	16.6	31	
7/16/1991	21.0	9.0	14.5	76	
7/17/1991	20.0	13.0	16.3	76	
7/18/1991	22.0	13.0	17.6	169	
7/19/1991	18.0	9.0	12.7	89	
7/20/1991	19.0	11.0	14.9	13	
7/21/1991	19.0	11.0	14.3	36	
7/22/1991	17.0	13.0	14.7	107	
7/23/1991	19.0	11.0	15.6	80	
7/24/1991	21.0	14.0	17.3	9	
7/25/1991	22.0	14.0	16.8	151	
7/26/1991	18.0	13.0	14.9	191	
7/27/1991	19.0	13.0	15.0	49	
7/28/1991	26.0	13.0	16.6	98	
7/29/1991	20.0	10.0	15.7	142	
7/30/1991	22.0	8.0	14.6	58	
7/31/1991	17.0	11.0	14.2	31	
8/1/1991	21.0	8.0	16.2	102	
8/2/1991	23.0	11.0	16.7	142	
8/3/1991	25.0	9.0	17.0	93	
8/4/1991	25.0	10.0	14.7	93	
8/5/1991	23.0	8.0	14.2	49	
8/6/1991	21.0	15.0	16.8	58	
