Date	Air Temp Max(ºC)	Air Temp Min(ºC)	Air Temp Avg(ºC)	Rainfall (cm)	WindSp (km/day)	
1/1/1983	30.8	14.0	22.6		218	
1/2/1983	30.2	12.6	26.8		476	
1/3/1983	31.5	12.7	24.6		218	
1/4/1983	30.8	14.8	24.3		280	
1/5/1983	30.8	14.8	24.3		280	
1/6/1983	30.8	14.8	24.3		280	
1/7/1983	30.8	14.8	24.3		280	
1/8/1983	30.8	14.8	24.3		280	
1/9/1983	30.8	14.8	24.3		280	
1/10/1983	29.0	13.0	23.3		431	
1/11/1983	28.6	11.6	24.7		431	
1/12/1983	28.2	22.0	25.4		258	
1/13/1983	29.0	21.4	25.7		369	
1/14/1983	31.0	12.4	24.3		151	
1/15/1983	31.0	12.4	24.3		151	
1/16/1983	29.8	13.7	22.1		173	
1/17/1983						
1/18/1983						
1/19/1983						
1/20/1983						
1/21/1983						
1/22/1983						
1/23/1983						
1/24/1983						
1/25/1983						
1/26/1983						
1/27/1983						
1/28/1983						
1/29/1983						
1/30/1983						
1/31/1983						
2/1/1983						
2/2/1983						
2/3/1983						
2/4/1983						
2/5/1983						
2/6/1983						
2/7/1983						
2/8/1983						
2/9/1983						
2/10/1983						
2/11/1983						
2/12/1983						
2/13/1983						
2/14/1983						
2/15/1983						
2/16/1983						
2/17/1983						
2/18/1983						
2/19/1983						
2/20/1983						
2/21/1983						
2/22/1983						
2/23/1983						
2/24/1983						
2/25/1983						
2/26/1983						
2/27/1983						
2/28/1983						
3/1/1983						
3/2/1983						
3/3/1983						
3/4/1983						
3/5/1983						
3/6/1983						
3/7/1983						
3/8/1983						
3/9/1983						
3/10/1983	33.8	20.6	28.9		138	
3/11/1983	33.8	20.6	28.9		138	
3/12/1983	33.8	20.6	28.9		138	
3/13/1983	32.6	20.4	26.7		156	
3/14/1983	33.0	21.0	27.4		409	
3/15/1983	33.2	18.2	27.4	3.3020	329	
3/16/1983	31.0	20.6	27.4	0	196	
3/17/1983	31.7	21.6	26.9		347	
3/18/1983	33.0	23.0	28.4		462	
3/19/1983	33.0	23.0	28.4		462	
3/20/1983	33.0	23.0	28.4		462	
3/21/1983	36.5	19.0	31.7		120	
3/22/1983	35.6	21.0	30.2		387	
3/23/1983	34.5	20.7	28.9		231	
3/24/1983	34.5	20.7	28.9		231	
3/25/1983	34.5	20.7	28.9		231	
3/26/1983	34.5	20.7	28.9		231	
3/27/1983	30.0	21.0	26.2		302	
3/28/1983	34.0	19.8	28.2		231	
3/29/1983	36.2	20.0	29.6		276	
3/30/1983	38.6	19.8	31.6		276	
3/31/1983	35.0	20.0	29.1		484	
4/1/1983	38.2	21.4	32.2		311	
4/2/1983	38.2	21.4	32.2		311	
4/3/1983	38.2	21.4	32.2		311	
4/4/1983	37.0	23.0	29.9		409	
4/5/1983	37.0	23.0	29.9		409	
4/6/1983	37.0	23.0	29.9		409	
4/7/1983	35.6	19.3	26.9	0.3048	360	
4/8/1983	35.2	18.6	28.3	0	347	
4/9/1983	35.2	18.6	28.3		347	
4/10/1983	35.0	18.4	29.5		173	
4/11/1983	35.0	18.4	29.5		173	
4/12/1983	33.6	20.6	22.7		53	
4/13/1983	33.0	19.0	26.6		431	
4/14/1983	34.2	19.6	28.1		102	
4/15/1983	37.0	21.5	31.5		276	
4/16/1983	37.0	21.5	31.5		276	
4/17/1983	36.7	21.6	30.3	0.2032	387	
4/18/1983	32.6	23.2	27.2	0	498	
4/19/1983	34.6	19.7	29.7		311	
4/20/1983	34.0	23.0	26.4		240	
4/21/1983	33.1	22.0	25.9	0.2032	209	
4/22/1983	27.3	18.6	23.2	1.3970	302	
4/23/1983	27.3	18.6	23.2		302	
4/24/1983	36.0	19.0	28.4	0	240	
4/25/1983	36.0	19.0	28.4		240	
4/26/1983	36.0	19.0	28.4		240	
4/27/1983	36.0	19.0	28.4		240	
4/28/1983	33.8	21.6	29.7		409	
4/29/1983	34.6	18.8	28.4		365	
4/30/1983	34.6	18.8	28.4		365	
5/1/1983	36.6	20.6	30.8		431	
5/2/1983	37.2	22.8	32.7		431	
5/3/1983	36.8	25.6	32.7		280	
5/4/1983	35.6	20.7	27.1	0.3048	347	
5/5/1983	35.7	21.6	27.7	0	396	
5/6/1983	35.0	20.5	30.6		191	
5/7/1983	35.0	20.5	30.6		191	
5/8/1983	35.2	20.3	24.9	0.4064	365	
5/9/1983	35.2	20.3	24.9		365	
5/10/1983	36.6	22.6	31.7		316	
5/11/1983	36.8	24.0	31.1		236	
5/12/1983	36.8	22.0	31.4		431	
5/13/1983	38.2	24.0	32.3		502	
5/14/1983	38.2	24.0	32.3		502	
5/15/1983	38.2	22.2	28.1		347	
5/16/1983	38.2	22.2	28.1		347	
5/17/1983	36.0	21.2	28.2		347	
5/18/1983	36.0	21.2	28.2		347	
5/19/1983	33.8	21.6	28.2	0.1016	418	
5/20/1983	30.2	18.6	22.3	4.2926	396	
5/21/1983	30.2	18.6	22.3		396	
5/22/1983	30.2	18.6	22.3		396	
5/23/1983	33.0	18.7	25.8	0.6096	302	
5/24/1983	33.0	18.7	25.8		302	
5/25/1983	35.2	20.8	29.8		227	
5/26/1983	35.0	20.8	26.6		258	
5/27/1983	34.5	20.2	28.2		929	
5/28/1983	34.5	20.2	28.2		929	
5/29/1983	36.7	19.4	28.8		480	
5/30/1983	34.0	22.0	28.2		67	
5/31/1983	34.0	22.0	28.2		67	
6/1/1983	34.0	22.0	28.2		67	
6/2/1983	34.0	22.0	28.2		67	
6/3/1983	34.0	22.0	28.2		67	
6/4/1983	34.0	22.0	28.2		67	
6/5/1983	34.0	22.0	28.2		67	
6/6/1983	34.0	22.0	28.2		67	
6/7/1983	35.2	24.0	30.5		227	
6/8/1983	36.2	18.7	30.8		227	
6/9/1983	36.2	18.7	30.8		227	
6/10/1983	36.8	23.8	32.7		347	
6/11/1983	36.8	23.8	32.7		347	
6/12/1983	36.8	23.8	32.7		347	
6/13/1983	36.4	21.6	32.5		538	
6/14/1983	36.4	21.6	32.5		538	
6/15/1983	36.4	21.6	32.5		538	
6/16/1983	38.4	28.6	34.3		258	
6/17/1983	37.8	23.5	30.1		622	
6/18/1983	37.8	23.5	30.1		622	
6/19/1983	37.8	23.5	30.1		622	
6/20/1983	37.6	24.6	34.7		520	
6/21/1983	37.6	23.8	32.4		498	
6/22/1983	37.6	23.8	32.4		498	
6/23/1983	37.6	23.8	32.4		498	
6/24/1983	37.6	23.8	32.4		498	
6/25/1983	37.6	23.8	32.4		498	
6/26/1983	37.6	23.8	32.4		498	
6/27/1983	37.6	23.8	32.4		498	
6/28/1983	37.6	23.8	32.4		498	
6/29/1983	35.8	25.2	30.8		551	
6/30/1983	34.2	18.6	27.2	0.7874	396	
7/1/1983	35.0	21.0	29.0	0	431	
7/2/1983	35.0	21.0	29.0		431	
7/3/1983	35.0	21.0	29.0		431	
7/4/1983	35.0	21.0	29.0		431	
7/5/1983	35.0	21.0	29.0		431	
7/6/1983	37.2	22.8	29.8		240	
7/7/1983	37.2	22.8	29.8		240	
7/8/1983	36.2	21.8	30.7	0.1016	533	
7/9/1983	36.2	21.8	30.7		533	
7/10/1983	36.2	21.8	30.7		533	
7/11/1983	36.2	21.8	30.7		533	
7/12/1983	36.2	21.8	30.7		533	
7/13/1983	36.2	21.8	30.7		533	
7/14/1983	36.2	21.8	30.7		533	
7/15/1983	36.2	21.8	30.7		533	
7/16/1983	36.2	21.8	30.7		533	
7/17/1983	36.2	21.8	30.7		533	
7/18/1983	33.6	20.3	30.4	0.8890	538	
7/19/1983	33.6	20.3	30.4		538	
7/20/1983	33.6	20.3	30.4		538	
7/21/1983	33.2	20.4	26.4	0.8890	627	
7/22/1983	33.6	19.0	26.0	0.7874	365	
7/23/1983	33.6	19.0	26.0		365	
7/24/1983	31.4	17.6	25.9	0.7112	547	
7/25/1983	32.0	17.3	25.3	4.8006	276	
7/26/1983	38.2	19.2	28.2	0	404	
7/27/1983	38.2	19.2	28.2		404	
7/28/1983	38.2	19.2	28.2		404	
7/29/1983	38.2	19.2	28.2		404	
7/30/1983	38.2	19.2	28.2		404	
7/31/1983	32.7	18.6	25.1	0.8890	129	
8/1/1983	32.7	18.6	25.1		129	
8/2/1983	32.7	18.6	25.1		129	
8/3/1983	32.7	18.6	25.1		129	
8/4/1983	32.7	18.6	25.1		129	
8/5/1983	35.2	24.6	29.7		129	
8/6/1983	35.2	24.6	29.7		129	
8/7/1983	35.2	24.6	29.7		129	
8/8/1983	35.2	24.6	29.7		129	
8/9/1983	35.2	24.6	29.7		129	
8/10/1983	34.5	23.8	28.6		431	
8/11/1983	34.5	23.8	28.6		431	
8/12/1983	34.5	23.8	28.6		431	
8/13/1983	34.5	23.8	28.6		431	
8/14/1983	34.5	23.8	28.6		431	
8/15/1983	34.5	23.8	28.6		431	
8/16/1983	32.2	19.8	27.4	0.1016	604	
8/17/1983	32.2	19.8	27.4		604	
8/18/1983	32.2	19.8	27.4		604	
8/19/1983	32.2	19.8	27.4		604	
8/20/1983	32.2	19.8	27.4		604	
8/21/1983	31.6	18.7	25.7	0.7112	502	
8/22/1983	31.6	18.7	25.7		502	
8/23/1983	31.6	18.7	25.7		502	
8/24/1983	22.0	18.6	20.8	0.7874	502	
8/25/1983	25.4	17.5	22.3	3.7084	347	
8/26/1983	32.2	20.2	27.8	0.5080	453	
8/27/1983	32.2	20.2	27.8		453	
8/28/1983	32.2	20.2	27.8		453	
8/29/1983	33.2	18.6	27.2	0.3048	324	
8/30/1983	33.2	18.6	27.2		324	
8/31/1983	29.0	20.2	24.3	1.4986	347	
9/1/1983	29.0	20.2	24.3		347	
9/2/1983	29.0	20.2	24.3		347	
9/3/1983	29.0	20.2	24.3		347	
9/4/1983	29.0	20.2	24.3		347	
9/5/1983	35.0	23.0	29.3		142	
9/6/1983	35.0	23.0	29.3		142	
9/7/1983	35.0	23.0	29.3		142	
9/8/1983	35.0	23.0	29.3		142	
9/9/1983	35.0	23.0	29.3		142	
9/10/1983	35.0	23.0	29.3		142	
9/11/1983	30.0	19.0	25.6	0.2032	151	
9/12/1983	30.0	19.0	25.6		151	
9/13/1983	30.0	19.0	25.6		151	
9/14/1983	34.2	20.6	29.7		365	
9/15/1983	34.2	20.6	29.7		365	
9/16/1983	36.6	14.2	30.5		409	
9/17/1983	36.6	14.2	30.5		409	
9/18/1983	36.6	14.2	30.5		409	
9/19/1983	34.0	21.3	28.4		236	
9/20/1983	31.8	22.8	26.8		453	
9/21/1983	27.4	20.6	25.5		520	
9/22/1983	33.7	21.2	26.3		369	
9/23/1983	32.6	16.7	26.3	1.2954	173	
9/24/1983	32.6	16.7	26.3		173	
9/25/1983	29.0	19.3	26.0	0.6096	369	
9/26/1983	35.6	20.6	29.5	0	151	
9/27/1983	35.6	20.6	29.5		151	
9/28/1983	34.0	20.0	28.6	0.4064	58	
9/29/1983	34.5	20.3	29.1	0	302	
9/30/1983	34.5	20.3	29.1			
10/1/1983	34.5	20.3	29.1			
10/2/1983	37.8	18.4	31.6			
10/3/1983						
10/4/1983						
10/5/1983						
10/6/1983						
10/7/1983						
10/8/1983						
10/9/1983						
10/10/1983						
10/11/1983						
10/12/1983						
10/13/1983						
10/14/1983						
10/15/1983						
10/16/1983	33.2	19.2	28.8		196	
10/17/1983	33.2	19.2	28.8		196	
10/18/1983	33.2	19.2	28.8		196	
10/19/1983	33.0	19.0	29.2		453	
10/20/1983	33.6	16.7	28.1		191	
10/21/1983	33.6	16.7	28.1		191	
10/22/1983	33.6	16.7	28.1		191	
10/23/1983	33.5	16.3	24.9		218	
10/24/1983	33.2	18.0	27.6		276	
10/25/1983	33.7	15.2	26.7		276	
10/26/1983	34.5	16.5	28.4		160	
10/27/1983	33.5	19.0	27.1		209	
10/28/1983	33.5	19.0	27.1		209	
10/29/1983	33.5	19.0	27.1		209	
10/30/1983	33.0	13.6	26.8		200	
10/31/1983	33.0	13.6	26.8		200	
11/1/1983	33.0	13.6	26.8		200	
11/2/1983	33.0	13.6	26.8		200	
11/3/1983	33.6	17.2	26.8		200	
11/4/1983	34.0	17.2	26.2		67	
11/5/1983	34.0	17.2	26.2		67	
11/6/1983	35.0	15.7	28.1		187	
11/7/1983	35.0	15.7	28.1		187	
11/8/1983	32.5	20.6	25.9		120	
11/9/1983	32.5	20.6	25.9		120	
11/10/1983	32.5	20.6	25.9		120	
11/11/1983	34.6	17.6	28.3		200	
11/12/1983	34.6	17.6	28.3		200	
11/13/1983	34.6	17.6	28.3		200	
11/14/1983	34.6	17.6	28.3		200	
11/15/1983	34.6	17.6	28.3		200	
11/16/1983	34.6	17.6	28.3		200	
11/17/1983	32.6	17.5	28.9		329	
11/18/1983	32.6	17.8	26.6		258	
11/19/1983	32.6	17.8	26.6		258	
11/20/1983	32.0	14.2	26.2		302	
11/21/1983	32.3	13.0	25.3		231	
11/22/1983	33.2	13.5	28.3		151	
11/23/1983	33.2	13.5	28.3		151	
11/24/1983	31.6	13.7	26.9		280	
11/25/1983	31.6	12.6	24.9		200	
11/26/1983	31.6	12.6	24.9		200	
11/27/1983	31.6	12.6	24.9		200	
11/28/1983	32.0	15.2	25.9		138	
11/29/1983	32.2	15.2	21.6		107	
11/30/1983	32.2	15.2	21.6		107	
12/1/1983	30.2	16.3	24.7		218	
12/2/1983	31.6	14.6	25.8		449	
12/3/1983	31.6	14.6	25.8		449	
12/4/1983	31.6	14.6	25.8		449	
12/5/1983	30.2	13.5	23.6		138	
12/6/1983	30.0	13.2	22.6		191	
12/7/1983	30.8	15.4	24.1		156	
12/8/1983	31.2	14.8	25.6		316	
12/9/1983	31.6	15.0	25.1		258	
12/10/1983	31.6	15.0	25.1		258	
12/11/1983	31.6	15.0	25.1		258	
12/12/1983	31.6	15.0	25.1		258	
12/13/1983	32.4	12.5	24.3		409	
12/14/1983	32.4	12.5	24.3		409	
12/15/1983	32.3	12.8	24.2		329	
12/16/1983	31.2	12.7	26.2		280	
12/17/1983	31.2	12.7	26.2		280	
12/18/1983	30.0	12.0	21.8		280	
12/19/1983	30.0	12.0	21.8		280	
12/20/1983	30.0	12.0	21.8		280	
12/21/1983	31.2	13.8	26.6		173	
12/22/1983	31.2	14.5	24.9		116	
12/23/1983	29.4	13.8	24.8		227	
12/24/1983	29.4	13.8	24.8		227	
12/25/1983	29.4	13.8	24.8		227	
12/26/1983	29.4	13.8	24.8		227	
12/27/1983	29.8	16.7	24.5		191	
12/28/1983	29.8	16.7	24.5		191	
12/29/1983	29.8	16.7	24.5		191	
12/30/1983	30.2	13.0	25.8		276	
12/31/1983	30.2	13.0	25.8		276	
1/1/1984	29.0	15.0	23.0		107	
1/2/1984	29.0	15.0	23.0		107	
1/3/1984	29.0	15.0	23.0		107	
1/4/1984	29.0	15.0	23.0		107	
1/5/1984	29.0	15.0	23.0		107	
1/6/1984	28.0	9.6	23.4		227	
1/7/1984	28.0	9.6	23.4		227	
1/8/1984	33.0	26.2	29.4		129	
1/9/1984	30.2	13.6	25.8		196	
1/10/1984	31.0	12.6	27.3		196	
1/11/1984	31.0	12.6	27.3		196	
1/12/1984	31.0	13.2	23.7		191	
1/13/1984	29.8	12.5	25.5		240	
1/14/1984	29.8	12.5	25.5		240	
1/15/1984	32.6	12.7	25.6		258	
1/16/1984	32.6	12.7	25.6		258	
1/17/1984	31.6	12.8	25.8		107	
1/18/1984	38.6	14.5	24.8		240	
1/19/1984	30.2	12.6	24.3		160	
1/20/1984	31.5	13.2	24.1		329	
1/21/1984	31.5	13.2	24.1		329	
1/22/1984	31.5	13.2	24.1		329	
1/23/1984	30.4	13.8	23.3		236	
1/24/1984	30.2	15.0	24.1		258	
1/25/1984	33.2	13.6	22.9		120	
1/26/1984	33.2	13.6	22.9		120	
1/27/1984	33.2	13.6	22.9		120	
1/28/1984	33.2	13.6	22.9		120	
1/29/1984	31.0	14.2	28.3		120	
1/30/1984	31.0	14.2	28.3		120	
1/31/1984	31.0	14.2	28.3		120	
2/1/1984	31.0	14.2	28.3		120	
2/2/1984	31.0	14.2	28.3		120	
2/3/1984	31.0	14.2	28.3		120	
2/4/1984	31.0	14.2	28.3		120	
2/5/1984	29.8	10.2	23.1		258	
2/6/1984	29.8	10.2	23.1		258	
2/7/1984	33.2	12.3	25.8		258	
2/8/1984	32.0	12.0	27.4		387	
2/9/1984	32.0	19.0	26.3		231	
2/10/1984	33.0	12.6	25.3		240	
2/11/1984	33.0	12.6	25.3		240	
2/12/1984	33.2	13.2	24.7		244	
2/13/1984	33.2	13.2	24.7		244	
2/14/1984	33.2	13.2	24.7		244	
2/15/1984	33.2	13.2	24.7		244	
2/16/1984	32.8	12.5	24.8		347	
2/17/1984	33.0	12.7	24.9		227	
2/18/1984	33.0	12.7	24.9		227	
2/19/1984	33.0	12.7	24.9		227	
2/20/1984	33.0	12.7	24.9		227	
2/21/1984	32.0	25.2	28.8		302	
2/22/1984	32.0	25.2	28.8		302	
2/23/1984	32.0	25.2	28.8		302	
2/24/1984	32.0	13.6	26.1		404	
2/25/1984	32.0	13.6	26.1		404	
2/26/1984	32.0	13.6	26.1		404	
2/27/1984	32.0	13.6	26.1		404	
2/28/1984	35.8	20.5	28.4		302	
2/29/1984	31.4	20.8	27.4		280	
3/1/1984	34.0	27.2	30.7		258	
3/2/1984	33.2	16.4	27.3		173	
3/3/1984	33.2	16.4	27.3		173	
3/4/1984	33.6	16.7	26.8		240	
3/5/1984	33.6	16.7	26.8		240	
3/6/1984	35.8	28.2	31.7		324	
3/7/1984	37.2	15.4	29.4		316	
3/8/1984	37.2	15.4	29.4		316	
3/9/1984	35.2	17.6	27.1		311	
3/10/1984	35.2	17.6	27.1		311	
3/11/1984	35.0	16.6	29.1		302	
3/12/1984	35.0	16.6	29.1		302	
3/13/1984	35.0	16.6	29.1		302	
3/14/1984	35.0	16.6	29.1		302	
3/15/1984	37.2	20.2	31.2		302	
3/16/1984	35.2	22.6	30.3		107	
3/17/1984	35.2	22.6	30.3		107	
3/18/1984	34.8	18.2	29.8		413	
3/19/1984	36.2	18.2	32.2		173	
3/20/1984	37.2	23.6	29.9		329	
3/21/1984	37.2	23.6	29.9		329	
3/22/1984	36.2	19.2	31.9		107	
3/23/1984	36.6	21.0	28.9		156	
3/24/1984	36.6	21.0	28.9		156	
3/25/1984	37.8	20.2	31.2		124	
3/26/1984	38.2	19.6	29.3		324	
3/27/1984	38.2	19.6	29.3		324	
3/28/1984	36.2	22.0	27.9		627	
3/29/1984	36.2	20.2	29.7		462	
3/30/1984	36.2	20.2	29.7		462	
3/31/1984	36.2	20.2	29.7		462	
4/1/1984	34.4	23.6	31.3		280	
4/2/1984	35.8	19.2	27.6		107	
4/3/1984	36.2	19.6	27.7		227	
4/4/1984	36.8	17.8	33.3		280	
4/5/1984	38.0	18.5	32.9		378	
4/6/1984	39.0	20.6	32.3		187	
4/7/1984	39.0	20.6	32.3		187	
4/8/1984	37.6	20.7	31.8		258	
4/9/1984	37.6	20.7	31.8		258	
4/10/1984	37.3	18.5	28.9		293	
4/11/1984	37.0	18.0	29.3		196	
4/12/1984	35.2	21.6	28.8		129	
4/13/1984	29.2	20.7	26.9		129	
4/14/1984	29.2	20.7	26.9		129	
4/15/1984	36.7	18.6	28.7		191	
4/16/1984	37.4	19.0	29.3		173	
4/17/1984	37.4	19.0	29.3			
4/18/1984	37.4	19.0	29.3			
4/19/1984	37.4	19.0	29.3			
4/20/1984	37.4	19.0	29.3			
4/21/1984	37.4	19.0	29.3			
4/22/1984	37.4	19.0	29.3			
4/23/1984	37.4	19.0	29.3			
4/24/1984	37.4	19.0	29.3			
4/25/1984	37.4	19.0	29.3			
4/26/1984	37.4	19.0	29.3			
4/27/1984	38.2	20.5	30.7			
4/28/1984	38.2	20.5	30.7			
4/29/1984	38.2	20.5	30.7			
4/30/1984	38.6	19.3	31.8		316	
5/1/1984	38.2	23.2	31.8		276	
5/2/1984						
5/3/1984						
5/4/1984						
5/5/1984						
5/6/1984						
5/7/1984						
5/8/1984						
5/9/1984						
5/10/1984						
5/11/1984						
5/12/1984						
5/13/1984						
5/14/1984						
5/15/1984						
5/16/1984						
5/17/1984						
5/18/1984						
5/19/1984						
5/20/1984						
5/21/1984						
5/22/1984						
5/23/1984	37.4	23.5	32.2		227	
5/24/1984	37.4	23.5	32.2		227	
5/25/1984	37.4	23.5	32.2		227	
5/26/1984	37.4	23.5	32.2		227	
5/27/1984	37.4	23.5	32.2		227	
5/28/1984	32.0	19.0	27.8		120	
5/29/1984	32.0	19.0	27.8		120	
5/30/1984	32.0	19.0	27.8		120	
5/31/1984	32.0	19.0	27.8		120	
6/1/1984	35.2	22.5	31.2		569	
6/2/1984	35.2	22.5	31.2		569	
6/3/1984	35.2	22.5	31.2		569	
6/4/1984	35.2	22.5	31.2		569	
6/5/1984	35.2	22.5	31.2		569	
6/6/1984	35.2	22.5	31.2		569	
6/7/1984	36.4	22.6	30.2		293	
6/8/1984	37.2	24.3	31.7		387	
6/9/1984	37.2	24.3	31.7		387	
6/10/1984	37.0	25.0	29.8		453	
6/11/1984	35.6	23.5	30.6		404	
6/12/1984	37.0	23.2	29.2		640	
6/13/1984	38.0	23.5	30.8		582	
6/14/1984	38.2	24.6	31.1		498	
6/15/1984	34.5	24.5	30.4		498	
6/16/1984	34.5	24.5	30.4		498	
6/17/1984	36.0	19.5	30.4		498	
6/18/1984	36.0	19.5	30.4		498	
6/19/1984	36.0	19.5	30.4		498	
6/20/1984	36.0	19.5	30.4		498	
6/21/1984	33.6	19.6	25.2	0.3048	538	
6/22/1984	33.6	19.6	25.2		538	
6/23/1984	33.6	19.6	25.2		538	
6/24/1984	36.0	22.0	29.5		413	
6/25/1984	36.0	20.0	28.8	0.1016	413	
6/26/1984	36.0	19.6	27.3	0	347	
6/27/1984	37.2	23.0	29.4	0.2032	173	
6/28/1984	37.2	23.0	29.4		173	
6/29/1984	34.0	21.0	28.2		431	
6/30/1984	34.0	21.0	28.2		431	
7/1/1984	35.6	20.5	27.8	0.6096	387	
7/2/1984	36.7	22.0	29.7	0	587	
7/3/1984	36.7	22.0	29.7		587	
7/4/1984	36.7	22.0	29.7		587	
7/5/1984	33.7	19.0	27.0	0.8890	347	
7/6/1984	36.5	21.7	30.8	0	533	
7/7/1984	36.5	21.7	30.8		533	
7/8/1984	36.4	23.0	30.2		560	
7/9/1984	37.0	23.2	30.8		631	
7/10/1984	36.4	23.0	28.9		280	
7/11/1984	36.4	23.0	28.9		280	
7/12/1984	35.0	18.6	29.0	0.5080	276	
7/13/1984	35.0	18.6	29.0		276	
7/14/1984	35.0	18.6	29.0		276	
7/15/1984	37.0	19.0	24.5	0.3048	467	
7/16/1984	37.0	19.0	24.5		467	
7/17/1984	32.5	19.2	26.2	0.6096	365	
7/18/1984	34.0	21.0	25.5	0	520	
7/19/1984	31.6	11.2	26.6	0.5080	587	
7/20/1984	34.2	20.8	28.2	0.1016	209	
7/21/1984	34.2	20.8	28.2		209	
7/22/1984	33.2	19.5	27.8	0	142	
7/23/1984	34.6	19.6	28.3		347	
7/24/1984	34.6	22.0	28.6	0.0254	329	
7/25/1984	34.5	22.6	30.7	0	413	
7/26/1984	36.0	22.5	28.4		378	
7/27/1984	36.0	20.6	30.3	0.2032	396	
7/28/1984	36.0	20.6	30.3		396	
7/29/1984	36.2	20.8	29.9	0	329	
7/30/1984	34.5	18.6	26.9	0.1016	533	
7/31/1984	34.5	18.6	26.9		533	
8/1/1984	33.4	19.3	30.7		538	
8/2/1984	33.4	19.3	30.7		538	
8/3/1984	33.4	19.3	30.7		538	
8/4/1984	33.4	19.3	30.7		538	
8/5/1984	33.7	20.0	28.1		520	
8/6/1984	33.7	20.0	28.1		520	
8/7/1984	33.5	19.2	27.1	0.2032	293	
8/8/1984	37.5	21.0	28.1	0	302	
8/9/1984	34.5	22.3	28.2		293	
8/10/1984	34.5	22.3	28.2		293	
8/11/1984	34.5	22.3	28.2		293	
8/12/1984	34.0	18.5	29.3	0.7112	280	
8/13/1984	34.0	18.5	29.3		280	
8/14/1984	34.0	18.5	29.3		280	
8/15/1984	34.0	18.5	29.3		280	
8/16/1984	34.0	18.5	29.3		280	
8/17/1984	34.0	18.5	29.3		280	
8/18/1984	34.0	18.5	29.3		280	
8/19/1984	35.0	21.0	29.0		236	
8/20/1984	35.0	21.0	29.0		236	
8/21/1984	36.2	21.6	30.4		173	
8/22/1984	37.2	23.5	33.0		276	
8/23/1984	37.5	25.8	32.1		156	
8/24/1984	36.4	23.8	31.2		316	
8/25/1984	36.4	23.8	31.2		316	
8/26/1984	36.4	23.8	31.2		316	
8/27/1984	36.4	23.8	31.2		316	
8/28/1984	37.0	22.0	30.6		236	
8/29/1984	33.0	23.0	28.6		329	
8/30/1984	36.0	19.6	29.2		293	
8/31/1984	34.2	19.8	29.3		365	
9/1/1984	34.2	19.8	29.3		365	
9/2/1984	36.0	20.6	29.7		324	
9/3/1984	36.0	21.2	30.2		347	
9/4/1984	37.0	22.8	30.6		369	
9/5/1984	36.8	22.6	29.8		209	
9/6/1984	35.4	22.0	28.4		413	
9/7/1984	35.4	22.0	28.4		413	
9/8/1984	35.4	22.0	28.4		413	
9/9/1984	35.4	22.0	28.4		413	
9/10/1984	34.0	19.0	27.6		218	
9/11/1984	33.4	20.6	27.5	0.1016	53	
9/12/1984	31.5	17.8	22.9	0	231	
9/13/1984	31.0	18.5	26.4		120	
9/14/1984	32.2	20.4	28.2		258	
9/15/1984	32.2	20.4	28.2		258	
9/16/1984	32.2	20.4	28.2		258	
9/17/1984	33.2	18.0	26.9		102	
9/18/1984	33.2	18.0	26.9		102	
9/19/1984	33.2	18.0	26.9		102	
9/20/1984	35.2	18.5	30.1	0.4064	102	
9/21/1984	35.2	18.5	30.1		102	
9/22/1984	35.2	18.5	30.1		102	
9/23/1984	28.2	17.0	23.7		44	
9/24/1984	32.6	17.5	25.9	0.0508	240	
9/25/1984	33.0	19.0	28.0	0	129	
9/26/1984	34.7	18.6	27.3		107	
9/27/1984	35.2	20.6	30.4		142	
9/28/1984	35.2	20.6	30.4		142	
9/29/1984	35.2	20.6	30.4		142	
9/30/1984	35.2	20.6	30.4		142	
10/1/1984	35.0	18.0	26.2		280	
10/2/1984	27.0	16.0	24.1		409	
10/3/1984	27.0	16.0	24.1		409	
10/4/1984	36.5	17.0	32.1		227	
10/5/1984	36.5	17.0	32.1		227	
10/6/1984	36.5	17.0	32.1		227	
10/7/1984	36.5	17.0	32.1		227	
10/8/1984	36.5	17.0	32.1		227	
10/9/1984	34.6	15.6	28.6		276	
10/10/1984	36.0	17.6	28.6		129	
10/11/1984	35.0	17.6	28.9		138	
10/12/1984	34.2	24.6	28.3		218	
10/13/1984	34.2	24.6	28.3		218	
10/14/1984	34.0	12.5	28.4		218	
10/15/1984	34.5	12.5	26.2		173	
10/16/1984	33.8	12.4	25.1		138	
10/17/1984	34.5	21.2	26.3		191	
10/18/1984	35.0	8.6	21.8		173	
10/19/1984	35.0	12.0	22.4		44	
10/20/1984	35.0	12.0	22.4		44	
10/21/1984	34.0	11.5	26.5		373	
10/22/1984						
10/23/1984						
10/24/1984						
10/25/1984						
10/26/1984						
10/27/1984						
10/28/1984						
10/29/1984						
10/30/1984						
10/31/1984						
11/1/1984						
11/2/1984						
11/3/1984						
11/4/1984	30.6	18.0	26.2		369	
11/5/1984	30.6	18.0	26.2		369	
11/6/1984	30.6	18.0	26.2		369	
11/7/1984	30.6	18.0	26.2		369	
11/8/1984	23.6	11.6	19.8		44	
11/9/1984	23.6	11.6	19.8		44	
11/10/1984	23.6	11.6	19.8		44	
11/11/1984	33.2	17.2	27.1		44	
11/12/1984	33.2	17.2	27.1		44	
11/13/1984	33.2	17.2	27.1		44	
11/14/1984	32.7	17.0	24.7		107	
11/15/1984	32.7	17.0	24.7		107	
11/16/1984	32.7	17.0	24.7		107	
11/17/1984	32.7	17.0	24.7		107	
11/18/1984	32.5	19.8	25.3		236	
11/19/1984	32.5	19.8	25.3		236	
11/20/1984	32.5	19.8	25.3		236	
11/21/1984	32.5	19.8	25.3		236	
11/22/1984	29.4	7.8	21.4		258	
11/23/1984	29.4	7.8	21.4		258	
11/24/1984	29.4	7.8	21.4		258	
11/25/1984	29.4	7.8	21.4		258	
11/26/1984	32.0	17.0	23.7		218	
11/27/1984	31.0	18.0	26.3		302	
11/28/1984	31.0	18.0	26.3		302	
11/29/1984	31.0	18.0	26.3		302	
11/30/1984	31.0	18.0	26.3		302	
12/1/1984	31.0	18.0	26.3		302	
12/2/1984	31.0	18.0	26.3		302	
12/3/1984	31.2	12.0	24.6		107	
12/4/1984	31.2	12.0	24.6		107	
12/5/1984	31.2	12.0	24.6		107	
12/6/1984	31.2	12.0	24.6		107	
12/7/1984	32.0	7.4	21.3		107	
12/8/1984	32.0	7.4	21.3		107	
12/9/1984	32.0	7.4	21.3		107	
12/10/1984	31.5	27.0	29.1		151	
12/11/1984	27.0	21.0	24.4		476	
12/12/1984	27.0	21.0	24.4		476	
12/13/1984	30.6	18.0	25.2		196	
12/14/1984	28.0	18.0	23.1	0.0508	196	
12/15/1984	28.0	18.0	23.1		196	
12/16/1984	29.7	18.0	22.9	0	396	
12/17/1984	29.7	18.0	22.9		396	
12/18/1984	27.8	10.5	21.9		302	
12/19/1984	27.8	10.5	21.9		302	
12/20/1984	27.8	10.5	21.9		302	
12/21/1984	28.0	14.2	21.9		107	
12/22/1984	28.0	14.2	21.9		107	
12/23/1984	28.0	14.2	21.9		107	
12/24/1984	26.8	14.3	22.5		107	
12/25/1984	26.8	14.3	22.5		107	
12/26/1984	29.0	10.2	22.8		156	
